   70.0981  169.5092
   63.6474  161.0520
   68.8157  168.6178
   64.3696  162.0645
   67.5369  163.0160
   59.9211  155.1062
   65.7796  160.4260
   69.4500  165.3308
   64.4968  164.0446
   63.1551  161.3491
   63.5057  158.7024
   65.0021  159.4103
   63.7350  162.1083
   62.5115  155.8497
   62.7707  157.6758
   66.5183  161.6112
   64.6924  165.5182
   62.0405  158.5544
   60.1920  149.9568
   62.2294  158.3362
   62.4696  156.0444
   68.6376  161.7703
   62.3398  155.2244
   61.7081  158.1806
   66.7535  163.9870
   66.5329  163.4671
   67.0529  160.3494
   68.0685  167.4161
   73.6211  165.1265
   66.7394  160.6063
   73.1509  167.8855
   65.8268  164.0531
   67.9056  167.3255
   60.8999  154.9907
   69.6516  165.4098
   61.8172  151.0877
   62.6202  154.2483
   69.6542  160.5934
   63.1247  150.3780
   60.0001  149.7595
   69.3198  164.7717
   56.7839  150.0139
   63.4558  160.8436
   65.5393  160.5886
   65.8040  162.3037
   67.5465  160.5065
   64.0993  160.9375
   64.3953  160.2547
   65.9628  164.1111
   58.4765  152.9414
   61.2531  153.4144
   58.6857  155.9879
   62.3678  155.7155
   54.8842  146.8836
   66.1398  162.1007
   71.2787  160.5259
   61.1266  152.8937
   63.1404  153.0614
   69.0584  169.5336
   57.7185  148.8460
   70.8636  163.8588
   67.9222  163.8000
   69.2613  170.4969
   61.6273  148.5922
   63.5551  159.0549
   65.8960  163.9073
   69.0049  165.2909
   65.1859  160.5764
   65.7074  163.1195
   64.0690  155.4953
   61.5421  154.3948
   63.8153  158.6512
   65.1660  159.6287
   64.9629  153.8524
   65.7876  159.6329
   61.9926  160.5674
   64.3740  157.2954
   64.4341  162.5958
   67.1167  166.8635
   60.5369  151.7897
   59.5975  152.4478
   72.9269  174.3324
   62.8194  157.9984
   66.6033  162.9739
   68.3911  166.4852
   65.4754  167.3104
   66.2308  156.2963
   65.4656  161.2970
   65.4440  159.3539
   64.9902  157.8245
   69.4931  163.5261
   63.9683  162.5284
   66.3726  166.3636
   71.3065  168.5272
   65.1312  157.7835
   65.2497  161.8224
   58.0562  149.4578
   71.1364  164.0982
   61.4823  155.1836
   65.6930  165.7372
   67.2395  160.0200
   63.1315  161.4567
   63.9791  161.3997
   67.3215  165.0148
   66.1567  161.8932
   61.6445  157.8464
   69.5111  165.8845
   63.5593  152.9707
   64.8264  160.6034
   60.0610  152.0928
   65.2171  159.0728
   62.7549  160.0270
   65.8896  159.5244
   63.1868  160.4676
   64.2908  156.6897
   68.5215  161.5577
   66.1926  161.4422
   61.9323  158.5152
   60.2010  145.7367
   59.0899  154.6117
   61.6031  162.2202
   68.6576  169.5265
   65.9988  162.5243
   63.0605  160.2889
   69.1095  162.8654
   61.9876  156.5692
   72.7564  167.6176
   67.0148  158.9575
   61.4857  160.1912
   66.9847  166.9810
   60.1286  150.2671
   63.8421  157.5992
   59.6636  153.9514
   62.3527  159.1766
   64.6712  156.3636
   62.1232  155.8618
   68.0893  167.5065
   66.1837  164.1837
   65.5630  163.4301
   58.6410  154.1800
   62.8687  155.5698
   64.3900  162.8215
   71.1732  166.7630
   65.0301  159.4010
   64.1467  161.1337
   58.7986  156.4770
   60.9275  157.0346
   64.2069  163.7238
   64.9283  157.2885
   68.3520  161.3553
   67.6243  169.3231
   70.3522  162.7019
   63.6779  157.0013
   73.0485  170.2827
   69.4349  166.1284
   66.0130  154.5824
   64.6202  160.1045
   72.6938  167.7040
   57.8849  150.3834
   68.3307  163.1173
   63.0368  160.2756
   71.7581  161.4376
   64.5214  158.1968
   63.5775  158.8942
   65.2161  164.7063
   64.8493  158.4066
   64.8995  159.7765
   66.3458  165.1015
   69.7289  164.4344
   59.5327  152.1022
   65.0589  153.0704
   66.1610  159.6075
   66.6243  163.3262
   62.8964  156.7178
   59.3639  151.0205
   65.4418  157.5422
   72.8366  167.0574
   62.4580  157.1719
   66.8788  160.1096
   65.6772  159.1494
   67.5921  161.5377
   73.0504  164.6061
   64.9153  157.6709
   67.1334  161.2912
   66.7000  166.5651
   66.9524  158.3787
   67.8715  162.8521
   54.2283  144.6655
   71.9611  161.8742
   64.1224  161.3081
   68.3000  164.1321
   63.3609  156.0921
   71.9197  165.0107
   62.9393  151.0464
   63.2169  151.6506
   64.2096  160.5095
   61.7542  154.8728
   68.0320  162.9441
   68.2551  161.5234
   65.4514  164.9356
   72.0992  170.5526
   63.3672  161.0582
   61.3115  154.1006
   62.6361  160.6774
   65.4248  160.9071
   62.5299  157.5023
   75.6988  171.0681
   63.4015  155.7329
   64.6122  157.9197
   62.1543  160.3739
   60.3511  153.5545
   63.2656  164.2015
   67.9982  159.3157
   73.9386  169.4323
   68.9902  164.3052
   65.4192  161.2624
   66.7719  161.1527
   72.2865  163.0802
   65.5177  161.4808
   64.8331  162.3728
   58.0419  150.7603
   67.5473  158.8406
   67.5836  166.3622
   65.9913  159.3546
   61.8119  154.7887
   65.1526  159.4606
   64.2629  159.6588
   63.4384  158.5069
   61.8301  151.7192
   64.0197  154.4262
   68.7434  167.1926
   64.2000  161.4872
   63.7316  157.9753
   62.3404  155.7133
   65.3452  162.5286
   68.3365  160.7029
   67.4583  162.2228
   63.2173  163.2388
   69.5085  164.8385
   60.9916  154.9721
   65.7513  165.2612
   63.1000  162.4093
   67.2656  158.8875
   64.4135  157.9028
   68.6550  164.8142
   63.8203  168.1040
   59.8074  156.2498
   69.3438  166.1576
   67.6874  167.8906
   69.8275  166.6520
   63.0215  153.8022
   64.9245  161.2573
   62.4844  158.5279
   62.2472  155.2816
   68.8866  170.4511
   66.2244  153.9970
   62.8652  156.4649
   59.9968  155.6870
   62.5394  156.2824
   65.7268  163.9021
   62.3236  158.6916
   68.7717  169.5465
   68.6949  162.5783
   60.3505  157.3776
   69.8192  161.9670
   68.8451  161.9303
   64.4979  164.8496
   66.5127  166.4860
   62.6169  154.5039
   65.6941  165.7640
   64.8016  159.8920
   63.5443  156.5002
   68.6019  164.0383
   62.6929  160.2968
   64.0458  160.6584
   64.9405  157.9518
   65.0387  158.7906
   64.8298  159.2514
   66.6833  165.6466
   65.9589  163.5087
   70.5747  171.7765
   60.2917  153.9809
   70.5004  167.1985
   64.9399  157.5781
   59.8343  151.2753
   65.1096  158.9972
   64.4698  156.8129
   65.2542  160.8180
   63.5933  161.9419
   62.9418  153.5654
   65.1327  159.7432
   62.7991  152.7798
   58.3454  151.5973
   62.4994  156.4298
   68.1502  167.6236
   63.1956  161.8877
   70.0216  163.0984
   64.9005  161.1642
   66.1628  160.1930
   63.7428  152.6479
   63.0664  157.5623
   73.1773  172.1662
   64.6046  160.2759
   58.6597  150.6632
   68.7665  161.8638
   66.4725  163.4076
   62.3329  155.3016
   61.9447  158.2688
   65.9829  159.0001
   65.2190  159.6697
   62.1285  163.3130
   63.3117  154.0082
   63.5258  153.1376
   62.5220  163.3407
   67.6828  166.1692
   61.3675  152.7057
   61.4221  154.3605
   66.5966  159.1013
   68.7866  163.3667
   59.6885  153.1980
   63.5640  157.9689
   68.1817  164.5757
   62.9923  160.5434
   62.4309  155.4822
   69.6818  167.4492
   68.7448  166.2621
   69.4847  160.6512
   62.3935  159.8158
   63.6326  158.0108
   66.7435  163.6492
   63.5887  156.3345
   69.3663  165.6460
   66.0038  157.5090
   60.9139  152.5637
   64.6230  161.1072
   61.7879  158.6254
   62.6921  158.4956
   64.9752  156.0838
   65.9540  163.4691
   69.6274  166.2206
   69.4834  164.2405
   70.3785  164.3885
   64.4118  157.7295
   73.6373  168.3604
   63.6164  159.1200
   64.5082  155.7092
   63.4924  151.1904
   66.9168  160.8533
   60.9856  158.3543
   68.4889  159.8354
   61.0214  156.3090
   63.2685  162.8047
   67.8288  160.4016
   71.0490  166.3866
   69.2592  164.3495
   72.7809  162.1565
   66.6279  162.0204
   55.0857  148.7974
   68.8644  165.1211
   65.7035  162.6773
   65.5932  163.7548
   65.9480  158.4971
   60.1280  154.2283
   71.1997  163.1700
   65.5582  156.0921
   62.3462  156.5168
   63.1539  158.7332
   62.3921  162.6534
   73.7622  169.3604
   70.5047  167.4638
   62.9156  161.1837
   60.1060  148.4088
   69.4451  172.7247
   66.4272  155.9132
   62.5145  156.0955
   61.5057  154.2104
   69.5926  163.8585
   69.5105  161.8991
   65.2937  167.0812
   70.3754  167.6260
   60.9876  155.2647
   64.5934  165.3504
   63.0991  160.9141
   68.0631  166.6729
   64.2825  155.4241
   67.8886  166.5260
   63.1498  162.1352
   66.5987  164.8424
   65.9042  157.4711
   62.2483  158.5770
   59.9024  152.4795
   64.3812  160.9391
   62.9185  154.9243
   67.7015  160.8407
   58.8039  150.2220
   68.8518  165.2274
   63.1420  156.1394
   63.3729  154.9521
   68.9329  165.8908
   59.3048  154.7922
   60.8979  161.8546
   72.6869  169.4486
   64.5049  157.3785
   69.8059  168.8899
   64.4918  159.6330
   60.1649  152.5886
   71.1602  168.8205
   69.1818  162.2072
   72.1264  162.3102
   68.0690  156.4979
   67.1351  168.3566
   62.1986  163.5471
   64.9342  160.5457
   66.1682  159.2851
   63.8497  154.0423
   64.2737  163.2785
   62.6783  154.2724
   61.6599  156.9383
   68.1195  161.7775
   66.4435  161.7211
   59.9775  153.3842
   63.4492  158.7171
   63.7688  158.3844
   61.1704  154.5847
   65.1087  161.1687
   67.4549  159.9907
   67.9496  163.1724
   62.2073  163.5161
   64.9768  162.9688
   62.3326  154.4261
   65.0575  156.7289
   60.1670  160.5400
   66.3036  158.0540
   66.8010  161.8859
   67.5166  164.0656
   65.8801  162.1944
   67.4640  160.3084
   64.0739  161.4015
   68.4290  161.3788
   67.5978  168.5190
   63.1165  158.1674
   67.4570  159.8121
   64.7049  157.3912
   67.0476  158.1161
   66.0668  161.8059
   60.4851  158.9842
   66.9222  161.4913
   61.9813  157.6540
   70.0181  168.6823
   63.3886  157.7450
   66.3445  160.2066
   62.9678  155.2572
   63.8889  155.1865
   63.1239  159.9212
   65.5722  161.2101
   64.1649  161.3453
   66.6687  160.1716
   61.6936  158.3379
   67.2382  162.6486
   64.7090  158.2566
   66.3473  159.8074
   63.3466  157.2072
   68.7540  164.2909
   64.6841  158.7641
   69.0000  166.0834
   57.6122  146.7455
   61.1841  156.8084
   68.1142  163.8930
   63.5369  160.9310
   70.5974  164.7275
   64.9264  164.4899
   58.7061  150.6892
   64.2960  159.8862
   60.9176  156.2096
   61.3046  160.7456
   64.8801  158.7003
   63.6620  163.5146
   72.0939  165.7409
   67.4541  159.6467
   62.7872  155.6584
   61.7389  158.4843
   60.1151  151.3908
   64.3862  160.4625
   66.0636  160.1354
   64.3060  155.5885
   65.4121  161.0148
   66.8229  159.9525
   62.4330  154.7863
   56.4230  147.6980
   65.1075  166.1906
   66.7300  164.9213
   61.8757  157.4851
   67.5985  161.8970
   60.0848  154.1391
   65.3101  157.8898
   64.2019  156.9553
   68.5863  162.2397
   68.8997  165.7924
   68.3120  165.7722
   59.8884  154.3105
   69.6395  161.7357
   63.8970  160.1544
   66.3449  159.8010
   67.3427  163.3683
   65.1013  163.5167
   63.6071  160.6480
   64.5890  166.5191
   66.5523  163.4994
   65.2219  162.0210
   61.4842  155.3081
   67.2843  163.8563
   68.7046  168.0186
   64.4492  159.9349
   67.0696  163.6690
   64.7066  157.5503
   63.8547  159.3855
   66.3943  159.6961
   61.6369  162.4505
   69.9965  161.1365
   67.0727  160.0204
   65.6028  161.6550
   59.9094  154.3697
   70.1461  170.5424
   64.4589  164.1456
   67.3094  162.8195
   62.0463  157.9679
   62.4959  155.7361
   66.5454  161.9724
   65.1995  159.2731
   60.9105  157.2523
   62.8457  158.5692
   70.0230  165.9195
   62.1928  155.3776
   63.8774  153.7825
   64.8554  157.9525
   67.9384  158.4166
   67.0579  162.0771
   61.1011  155.0701
   60.7308  149.3117
   64.9708  155.1900
   64.7812  161.8564
   65.8922  164.4486
   63.0967  157.3856
   66.7819  159.5178
   69.6825  167.4057
   65.8251  157.0743
   68.2350  170.8170
   66.1419  162.9722
   70.4261  167.6330
   65.3407  157.7668
   65.9515  162.6451
   60.9072  155.1430
   71.1541  164.0663
   63.3651  156.6696
   59.0239  155.4281
   61.2690  151.9836
   63.7034  157.5737
   56.4006  144.1939
   66.0535  157.8686
   67.9376  159.4926
   62.6247  156.4339
   67.2593  165.2653
   73.8133  169.1772
   62.4719  159.4668
   65.9910  160.7658
   65.0017  166.0868
   69.2278  170.4400
   63.1027  157.9556
   70.1878  166.2797
   63.0367  154.1339
   62.2660  154.8026
   67.0599  166.2035
   65.7566  154.5955
   66.6743  159.3291
   69.8690  165.1435
   64.5238  155.9422
   66.4534  159.3904
   65.3347  158.2998
   62.2264  155.5370
   64.4899  156.8914
   63.6579  158.9526
   65.3180  163.4141
   65.4339  158.9705
   62.0230  155.8297
   66.9663  164.2789
   63.0761  162.9935
   64.4241  162.8950
   62.2059  158.6302
   61.1973  155.7058
   61.7154  158.6695
   65.1357  161.7558
   67.4672  165.2161
   67.4054  164.6872
   62.4615  152.8454
   61.9211  155.2245
   65.9086  163.8135
   62.3048  158.9538
   66.1436  159.9681
   64.4100  158.3293
   67.6736  161.4201
   70.6616  164.9535
   71.9643  166.9639
   67.1506  164.1567
   68.6608  164.3499
   69.1362  164.4189
   65.1755  151.5415
   70.0809  163.0424
   63.0590  154.2353
   64.9433  155.4524
   59.3242  152.7120
   72.4099  168.5736
   66.6393  163.2280
   66.1453  161.4846
   63.0265  152.0377
   67.8060  157.7627
   69.0972  167.6620
   59.8205  156.0016
   63.4984  157.9859
   65.2000  151.2468
   66.3184  163.9842
   58.5146  149.0141
   62.9149  160.8631
   63.1539  157.3526
   67.8617  164.8506
   58.5780  152.5415
   64.2225  160.1854
   62.4925  158.9249
   66.3638  162.6118
   65.2439  160.5088
   66.1289  158.9122
   58.2508  154.3742
   65.9202  162.0393
   64.5879  162.8248
   65.8885  157.1107
   62.7684  154.9807
   66.8083  166.9779
   59.7063  154.3675
   64.5682  157.2212
   64.8730  158.3960
   62.3467  155.6792
   67.2738  164.0078
   66.4456  162.5224
   66.5323  162.7030
   61.3848  156.8705
   60.3283  150.8417
   60.0583  157.0460
   60.8697  155.8140
   64.0705  157.6024
   64.2715  154.7126
   64.2747  161.8293
   67.0162  163.9959
   68.0973  165.2899
   66.9332  160.2932
   63.1410  156.3188
   66.4873  164.8396
   62.8320  155.5364
   59.6616  150.3414
   64.0692  153.5134
   69.4471  167.2859
   66.7638  163.5952
   69.6902  167.2054
   65.1258  160.5116
   65.0909  166.3179
   68.4661  163.5173
   64.3391  159.0613
   61.8982  156.0831
   68.2213  164.3851
   65.8615  159.2768
   67.7645  165.6323
   60.8845  151.0868
   64.7266  161.1029
   63.5220  159.4418
   65.3226  155.4551
   65.8245  158.7085
   67.0345  162.3023
   58.8018  154.3837
   68.5496  163.1092
   65.4585  159.1748
   59.2844  152.0724
   65.2847  157.5797
   69.0465  168.9096
   65.6637  157.2404
   62.3247  156.7967
   66.6253  159.8775
   69.3192  162.0157
   61.4135  160.5437
   64.7568  159.6070
   67.7015  165.7846
   67.6379  165.6793
   68.9814  167.5214
   66.7974  162.4217
   65.9785  157.6111
   61.1048  157.1010
   60.1974  150.7342
   61.4516  157.9344
   70.4237  167.2099
   70.2216  165.6985
   63.9064  161.9782
   62.4752  160.4992
   65.9881  163.4101
   68.5966  167.6182
   61.9549  151.0251
   71.1330  165.0456
   62.3558  163.6222
   60.1466  151.3606
   61.0162  157.8959
   64.5673  158.7974
   69.8345  166.5181
   61.0137  154.6419
   65.7411  159.5335
   60.7811  158.9897
   59.4099  151.7611
   61.0791  154.7967
   67.3124  160.3947
   65.4079  163.2561
   66.9029  159.8197
   67.1262  152.7406
   59.2646  155.6593
   62.6134  156.5572
   68.6099  160.8725
   68.6454  162.0645
   58.6206  151.3493
   72.6074  170.7893
   66.2677  164.1051
   61.0444  154.8503
   69.5705  162.7419
   64.0731  155.8639
   69.3264  162.4032
   63.8843  157.1970
   66.1577  167.7326
   65.1910  157.5861
   62.0079  159.8290
   61.6120  153.1145
   59.3100  150.2121
   59.3829  156.1383
   61.9802  155.8551
   68.5665  161.1140
   64.1950  157.9987
   63.5814  163.1671
   62.0886  159.9622
   65.5824  163.8039
   62.2049  153.8797
   62.0394  156.1140
   59.8429  153.8439
   63.2297  155.8942
   63.5597  161.6504
   65.6614  162.6044
   63.5937  153.6813
   69.3149  166.3516
   70.9111  163.7437
   68.1300  168.2335
   62.4542  158.9920
   63.5080  158.5129
   64.1280  160.4085
   59.9932  160.3558
   60.9080  153.6038
   60.8455  156.8069
   54.7288  144.5491
   68.4506  163.6577
   67.7104  163.0637
   69.2110  159.9433
   69.1520  167.8796
   70.0807  162.1657
   63.5637  161.8898
   66.8912  163.8038
   63.4829  156.6576
   69.5948  159.7241
   63.1786  156.0511
   65.0326  155.6986
   69.1298  168.3012
   75.8267  170.8597
   68.7045  166.1712
   67.5146  166.1547
   72.2932  164.9863
   67.4916  164.5006
   61.3571  151.2432
   65.1845  160.9246
   68.6668  167.0893
   58.0025  151.8250
   64.1066  160.6995
   61.7652  156.8827
   67.3575  164.7883
   67.8680  163.8399
   56.9468  151.9213
   65.1891  161.6640
   61.6842  158.9269
   64.7671  162.3015
   60.4598  158.4480
   68.1987  164.5166
   63.1348  156.5721
   71.4537  166.0171
   68.1948  165.2353
   67.2818  165.4289
   64.6997  157.3165
   63.6823  154.8586
   64.1072  163.8264
   64.5317  160.3362
   65.9944  159.2600
   62.5234  157.9310
   57.4532  149.0419
   65.0962  160.1917
   63.0085  155.3897
   62.6565  160.4792
   67.2165  166.0598
   64.7118  158.1479
   65.2773  161.0764
   70.3439  161.3188
   60.9593  152.5127
   60.1302  155.6579
   63.5342  156.4751
   65.2010  161.1512
   61.5409  157.9318
   61.5503  154.4255
   65.1162  154.3704
   61.6705  152.6070
   64.6621  163.8479
   62.4879  160.4878
   67.7049  167.1010
   71.5703  164.6992
   63.6180  155.1625
   62.2200  153.7724
   63.5276  159.2064
   62.6862  157.4675
   67.7759  165.5168
   64.9657  160.6402
   58.7365  159.6681
   69.8429  169.0934
   62.1618  153.7323
   60.3027  152.4359
   70.6261  172.2647
   63.7496  160.4879
   66.4418  162.7863
   65.6297  164.0070
   61.8390  157.6869
   70.1777  161.5796
   61.6883  158.1641
   64.2466  159.9996
   66.0338  161.8636
   68.0355  165.4507
   59.4990  152.5892
   65.4694  163.4479
   67.3319  166.3952
   66.7481  162.6629
   66.5477  161.6461
   59.0162  150.6893
   62.6019  155.5493
   67.3370  161.5541
   68.2490  165.8996
   65.4814  163.2079
   64.9079  156.6097
   60.7731  157.9138
   66.8924  159.8480
   62.3872  156.9979
   66.5561  164.0317
   64.7053  161.4726
   63.3843  159.9257
   63.5764  157.9313
   58.1195  150.5605
   60.0072  154.8580
   64.2002  158.7111
   62.4492  158.2344
   72.5847  165.9744
   62.0055  162.0751
   58.7431  149.3161
   67.1110  163.3446
   61.9968  155.3945
   62.5124  159.3919
   62.3695  155.1349
   70.8151  167.2790
   57.3336  154.7674
   64.4258  159.8799
   65.5682  161.1910
   68.7394  167.8084
   60.6260  149.7650
   65.4337  156.0646
   68.6527  163.9234
   67.3594  160.3995
   70.7469  167.2801
   63.1041  162.6187
   62.1960  162.2765
   65.2208  159.7402
   67.1093  164.5570
   64.9885  157.7179
   64.1139  166.5658
   60.2363  155.4057
   67.8611  159.9772
   67.4448  167.6502
   68.6509  159.7380
   72.1421  165.1642
   59.9612  151.5155
   65.8391  156.8873
   63.9304  156.9919
   61.3817  158.5327
   64.6667  159.7977
   63.1285  157.6787
   68.8996  165.0707
   67.1867  160.3311
   65.5483  163.9981
   63.6534  160.2618
   69.4378  160.7349
   67.8106  159.9278
   59.6963  156.7183
   63.7355  157.3888
   62.5652  162.0510
   63.3441  155.9730
   62.8217  160.9453
   66.8069  159.6111
   61.8423  157.7943
   64.3160  162.2033
   65.9162  164.7119
   64.7906  163.7880
   60.8039  155.9919
   65.6518  155.4518
   64.2282  163.0337
   61.7988  157.3957
   64.7235  163.0165
   62.9067  155.9863
   62.5224  156.2841
   63.9782  151.8910
   64.8533  161.3640
   61.0976  155.6796
   67.4630  158.3891
   60.8744  155.6641
   62.3072  157.8210
   61.7701  156.0393
   66.9296  163.7094
   62.2028  162.0589
   68.5288  163.3654
   62.3239  159.4024
   58.6564  152.0704
   65.4968  157.5388
   61.8707  158.2726
   58.9188  148.7927
   69.1975  164.8173
   59.5712  154.9259
   66.8053  160.3799
   68.3579  160.8459
   67.2787  163.5135
   63.4258  153.9087
   60.4830  157.0452
   65.0146  162.4934
   66.0306  160.0558
   67.8337  157.8486
   65.3466  164.5012
   61.9574  159.5454
   64.3869  157.7995
   67.7542  165.7723
   71.8176  163.4309
   65.9036  153.8044
   68.6557  162.4208
   63.1877  156.8235
   64.3465  156.1065
   58.9743  148.2867
   62.6255  155.9004
   65.2812  157.0796
   61.2399  159.4055
   62.9487  157.6767
   63.1441  162.0994
   64.1694  163.6609
   68.8208  165.7675
   60.3418  155.4206
   62.0511  156.1878
   65.3519  160.5771
   63.2421  161.0882
   66.9397  161.7767
   60.6162  153.2107
   70.5837  165.9209
   66.1030  159.1811
   67.8524  165.5517
   60.2674  148.8339
   67.8177  161.3013
   63.4003  159.7568
   59.9386  148.5372
   71.9288  167.4169
   53.1171  150.1717
   62.2375  160.0296
   64.9108  160.0496
   61.0530  155.1131
   68.2280  166.8144
   63.6755  157.4298
   71.7546  164.0919
   70.9680  165.6008
   60.2090  153.6703
   66.1023  166.0599
   61.6438  158.8628
   61.1168  155.9025
   71.8549  166.6985
   62.0977  154.2789
   67.8193  158.9732
   60.8077  152.4792
   65.6538  162.9072
   62.5555  159.6478
   66.7151  160.5890
   61.8871  163.5090
   69.0119  160.5691
   64.0554  156.4260
   69.5443  163.1087
   60.9841  154.8988
   66.7277  155.8661
   65.3205  158.2549
   64.0539  157.1094
   70.8022  162.0862
   65.3536  160.4906
   68.5565  159.9663
   64.1645  158.4530
   69.4410  166.1688
   63.1637  153.3513
   65.4040  161.2054
   70.0212  163.5274
   65.4516  158.4244
   64.0526  158.4632
   69.4019  164.0773
   57.1597  151.7434
   67.5045  163.0868
   65.8414  163.4045
   64.0841  157.5167
   55.5212  145.2438
   65.4124  158.1856
   60.4328  154.9114
   64.6629  152.6505
   63.8794  162.9979
   68.6452  160.8743
   67.6851  162.4591
   60.4504  153.8504
   69.4599  164.7782
   60.8833  157.7734
   66.6279  160.6177
   63.9012  157.1072
   63.5687  158.7715
   65.2570  160.7722
   67.6687  160.6476
   62.9580  162.8253
   65.3821  158.8721
   59.1441  152.9206
   71.1630  163.0437
   59.1252  154.1915
   68.4953  164.5171
   63.3929  161.5411
   66.0827  164.7912
   63.9808  160.4284
   69.4679  164.4966
   65.0205  155.7832
   57.7211  152.6337
   68.7444  159.9457
   70.3268  164.1319
   61.4693  155.9488
   64.3529  157.8910
   66.2895  158.5989
   68.5997  159.2381
   63.0376  155.9689
   69.4232  166.6103
   67.5937  161.6660
   68.5461  162.6096
   69.9835  165.4678
   68.6998  165.4041
   62.6368  158.9962
   69.8657  167.7593
   62.8327  160.3505
   63.7676  153.0462
   64.1445  155.9866
   67.9020  161.1153
   62.0673  160.9937
   67.8785  165.8513
   61.5468  149.7907
   61.5667  161.7060
   63.3958  158.7730
   60.0180  154.2676
   70.0818  169.9279
   61.0409  156.8014
   61.3743  150.1116
   71.9921  170.1991
   63.3368  157.1429
   66.1341  160.6153
   65.2393  164.7051
   62.8828  160.5985
   63.6301  156.4375
   72.7358  165.6197
   64.7193  159.2427
   61.9682  153.0467
   59.4563  156.5437
   57.3059  151.4681
   64.0010  157.9550
   63.6581  157.3173
   60.8779  155.1531
   58.5775  153.3098
   70.3356  165.7090
   63.8117  153.8926
   69.9525  169.3412
   63.4122  155.7292
   66.0224  163.5405
   65.5224  162.0309
   64.9710  155.9131
   67.8325  164.8943
   65.0778  163.6545
   65.8230  157.3627
   69.5353  163.8385
   68.0405  160.5635
   63.9086  160.9970
   63.1133  154.3330
   65.4680  160.4509
   62.4742  151.8806
   58.9474  152.7714
   67.8328  168.8865
   65.8555  163.5204
   61.7155  156.0240
   63.4170  158.9163
   65.6476  159.0532
   61.8519  157.6889
   69.2755  163.0999
   63.5268  157.8540
   62.7462  157.5446
   64.4457  156.9957
   62.4900  153.1732
   63.6032  157.7402
   58.5039  155.0008
   65.0838  157.3354
   59.8984  153.1342
   58.4457  151.8252
   60.5201  157.1934
   57.4314  153.3951
   64.2496  157.2927
   58.0565  154.7412
   58.4568  157.3257
   68.3281  166.1808
   67.1012  159.6884
   65.6544  161.9391
   65.2423  156.4151
   69.6611  165.2275
   70.1488  164.3954
   68.5797  165.9787
   61.9935  150.7649
   62.1447  155.9572
   56.7757  148.6498
   66.0778  163.6806
   64.8205  159.1139
   63.0782  152.2581
   65.2960  156.5610
   64.4155  155.7390
   69.3405  157.8484
   68.0956  162.2944
   63.7976  159.8091
   67.6883  159.5841
   58.9155  153.1206
   67.5078  158.3803
   65.3437  160.2889
   64.3833  168.1123
   70.0465  162.7897
   63.5411  161.6598
   65.2434  155.8214
   61.7118  161.7101
   63.4159  158.3993
   68.7526  168.1261
   68.3299  166.3085
   64.9064  162.0741
   62.8741  165.3019
   67.9576  163.7729
   72.3166  169.9017
   63.6928  155.6288
   65.4278  158.8556
   63.8339  157.6896
   66.4131  155.4553
   69.0636  166.5572
   65.9873  162.5485
   62.8185  155.1562
   67.7577  160.3957
   65.8629  163.5289
   65.2253  157.4171
   66.0899  156.7530
   66.4273  162.3779
   63.2404  152.4757
   67.0957  159.9384
   63.8789  162.3129
   69.4160  160.8270
   63.7827  154.0133
   64.2803  161.6232
   63.3964  158.5973
   71.6482  173.7997
   72.7673  157.9159
   65.7592  156.1345
   59.9544  158.0810
   61.5650  157.2301
   62.7834  157.1474
   63.4881  159.3033
   62.2385  158.6829
   66.7479  158.7965
   62.2266  161.2609
   66.5406  163.5052
   67.3515  164.9020
   64.0611  160.4097
   60.5864  150.1238
   67.3829  161.3029
   63.3875  166.7137
   66.0825  158.6892
   59.6277  151.5912
   67.0777  160.9933
   64.9087  165.0380
   66.7865  160.5913
   67.7774  161.4492
   64.1704  163.2173
   63.5422  158.6734
   63.4320  157.7415
   65.3158  157.9652
   62.6905  160.6858
   65.1657  161.0457
   66.3734  158.4489
   63.2603  157.1009
   65.1629  159.8791
   61.0781  155.6741
   58.9678  152.5289
   65.1515  161.2821
   63.2119  155.6768
   67.5258  160.4935
   63.8328  162.1180
   65.6369  162.6310
   69.3590  166.7522
   65.2254  156.3347
   66.5670  160.0558
   68.4448  163.3976
   59.5420  151.1487
   74.1408  172.8470
   66.0021  165.8276
   63.8913  158.9290
   69.9939  169.5218
   73.4257  166.8817
   66.6930  166.0827
   57.7422  153.4375
   66.5493  163.3961
   67.4468  156.9954
   65.8392  161.2677
   69.6581  163.4213
   67.4923  168.6196
   67.2051  164.2514
   69.0062  158.0550
   72.4145  166.3229
   62.9725  160.4466
   63.1410  157.4921
   66.7659  156.0861
   67.4095  166.3758
   63.7595  158.5743
   61.7500  155.0770
   66.8878  162.7043
   63.5136  157.2507
   63.2909  164.2355
   65.1915  159.6167
   64.5474  156.1262
   69.8933  164.5521
   63.9964  157.1962
   77.1539  170.1049
   63.3685  150.4030
   66.6420  164.0796
   63.6119  155.5190
   68.1792  162.8735
   64.7626  156.6381
   69.5830  165.9359
   59.0328  149.6391
   64.4820  156.0316
   65.4113  161.7820
   69.8802  169.7882
   69.5625  173.9648
   62.1204  154.9181
   58.8063  149.5882
   59.4835  151.2467
   63.1419  156.8063
   68.1706  165.7776
   65.8915  163.3659
   65.8439  158.9518
   67.3830  165.0844
   69.3374  170.6430
   55.6826  149.2230
   67.8902  163.2994
   60.2399  152.8388
   64.1915  156.4883
   63.6031  158.7435
   66.9451  161.4383
   63.3507  157.5525
   61.0497  154.7561
   63.4579  156.1966
   61.6031  151.5126
   65.2850  159.4458
   53.9413  143.0241
   68.7550  162.6539
   70.4513  163.6109
   61.8080  157.3167
   65.6387  163.0414
   60.8069  155.5965
   65.9636  161.9346
   67.3679  162.2064
   70.4774  168.1032
   73.9335  168.2916
   55.9673  149.9618
   66.8348  165.9361
   71.6168  170.3118
   67.5795  164.5079
   63.7270  157.9458
   63.2147  153.7773
   67.0634  159.8354
   70.0643  164.5590
   64.5903  155.5742
   60.3158  151.2002
   68.6146  160.8927
   67.2857  161.5209
   64.8424  159.1442
   61.5880  159.5499
   70.1229  167.7943
   66.9787  160.5227
   63.0009  161.4192
   66.4364  158.9466
   65.7598  160.6230
   65.9068  162.5083
   69.1537  163.0814
   60.5591  153.2154
   66.5420  157.9358
   67.9101  165.0571
   64.7205  159.4487
   67.2138  164.7254
   68.5867  160.7334
   67.1452  166.6073
   63.9128  160.2254
   62.0433  157.4628
   66.7391  161.6526
   66.7177  156.5728
   66.9564  165.8556
   70.2178  170.6186
   53.9041  150.9290
   60.0746  152.2906
   61.6052  156.9294
   65.4495  162.0823
   60.4388  154.6774
   66.1041  160.5367
   66.8175  164.4383
   68.2190  163.3958
   66.2262  159.6641
   73.0746  161.8729
   67.0435  163.2821
   66.0217  155.5445
   63.9981  159.8466
   65.2404  160.7766
   67.5389  165.6519
   67.9610  166.5186
   66.4796  159.5123
   68.2211  157.2349
   61.0367  147.9992
   68.6716  159.8485
   66.0370  162.1847
   63.6995  160.0841
   69.0170  162.5171
   72.2583  165.1142
   54.2650  149.3492
   66.3577  166.2445
   57.0459  149.1511
   65.5894  161.0422
   62.8466  160.5385
   61.8010  151.9649
   66.8164  159.9317
   64.7637  161.7988
   60.9487  154.1404
   63.1401  159.2963
   64.5504  156.9781
   61.1928  155.0857
   62.9166  157.2130
   66.7037  161.9150
   65.7311  163.6756
   71.3480  164.9719
   63.9287  164.6689
   59.6896  156.1189
   60.7157  156.8468
   63.8138  158.0643
   61.9180  161.9210
   67.2037  161.9402
   64.7382  157.1880
   64.3917  154.9674
   60.9031  154.1169
   57.8847  148.6887
   63.6044  159.4605
   64.9976  158.0351
   61.0014  161.1791
   66.9561  159.9013
   64.2791  159.5923
   59.7093  156.2022
   60.3756  156.1014
   66.5417  162.2175
   63.5915  160.4055
   62.2985  152.0109
   68.2018  168.8549
   63.7701  156.3271
   62.5838  156.5518
   63.8457  159.3648
   65.3599  159.4568
   61.3612  149.1204
   66.6790  160.6998
   62.8195  155.8222
   61.3066  160.6468
   68.4242  166.2956
   63.0279  161.7590
   68.5139  161.7585
   65.5578  160.6008
   61.7155  157.2262
   62.8449  155.1919
   65.6798  161.4731
   61.5463  153.0735
   72.6491  171.0339
   64.4837  158.7817
   60.2072  151.9666
   65.8541  167.8277
   66.4260  165.0857
   73.1478  167.3267
   63.0699  160.0644
   67.9058  161.5210
   70.6376  167.0020
   72.0533  167.1452
   65.4656  161.4957
   63.5051  160.1622
   61.0111  157.3943
   65.9371  160.5693
   66.1339  163.8584
   64.0421  158.4639
   63.6376  159.7753
   65.2781  164.2155
   60.3322  158.9627
   64.4547  162.9073
   67.4168  165.1071
   63.9746  162.0704
   67.3341  169.9779
   63.7963  154.8973
   67.3437  162.1862
   65.6473  159.6328
   59.5066  150.6451
   74.6154  172.8979
   67.6568  165.2431
   70.9729  163.9686
   63.7533  154.6950
   64.2334  161.5195
   67.7803  164.2084
   66.4749  162.0725
   62.2363  156.5884
   61.4578  152.8291
   62.7271  158.0684
   66.5364  159.7182
   63.1259  153.9633
   59.5523  147.9542
   63.6219  162.2631
   65.2707  157.8724
   58.4614  151.3763
   68.3714  162.4364
   60.8983  154.5213
   68.7013  161.5311
   67.6890  161.3616
   67.9191  163.8689
   67.8428  162.2661
   65.4624  163.0845
   64.0147  155.2399
   67.9826  157.0688
   68.6275  164.2280
   63.8903  162.5305
   68.5504  163.1005
   69.1631  165.6636
   65.0913  162.6512
   70.3835  169.0838
   67.9601  163.0808
   64.7265  157.7344
   62.4920  155.2875
   67.2562  162.6065
   65.5039  158.7187
   61.6146  155.7230
   57.9058  153.4203
   58.5579  154.1730
   64.8576  161.0064
   63.8887  161.7606
   74.2425  173.4183
   64.3125  159.4193
   66.0542  159.2962
   63.0728  157.7191
   62.1535  158.0594
   64.3165  161.8694
   66.8671  160.2873
   68.7000  165.8231
   72.6486  168.5746
   67.4006  163.9129
   67.5920  169.3670
   59.3775  161.5792
   59.8224  156.4314
   63.4208  154.0934
   68.6198  170.6126
   62.1250  155.3113
   64.7858  160.1517
   65.9839  157.2292
   64.6635  154.7360
   64.4571  162.3923
   64.9438  158.4260
   66.5053  162.4789
   63.8190  155.9448
   61.7337  151.3270
   68.3125  162.9143
   66.4776  161.6153
   68.5091  161.6442
   59.7103  156.3394
   60.3455  149.7408
   64.4839  160.6911
   67.4439  164.3038
   72.6392  168.4528
   65.6144  161.6146
   67.3032  161.2296
   69.3677  162.4559
   63.2043  159.8435
   62.1967  158.3071
   59.0300  151.4631
   65.8564  162.9968
   61.5387  156.7230
   68.7000  163.2750
   65.0593  157.3768
   67.7252  167.2155
   65.2626  158.3972
   65.4951  158.5616
   65.0497  161.8554
   60.1028  151.0758
   60.6748  154.7074
   60.1788  155.7751
   66.6542  156.5818
   66.8469  162.5000
   64.6821  155.5658
   61.5600  154.2772
   58.7339  155.7182
   66.0795  161.1722
   65.7874  159.6357
   65.1482  158.4276
   67.3192  163.3217
   64.1247  162.5881
   68.9627  164.3520
   65.5219  163.2913
   67.1402  165.5130
   61.0108  156.4228
   70.3703  162.9684
   67.1302  162.9212
   68.9700  165.6356
   70.4271  168.7849
   64.8981  166.7515
   62.8220  159.8861
   64.4900  162.8407
   70.6244  168.5322
   67.5510  160.7471
   63.0149  153.6453
   66.9257  159.5921
   66.2086  159.6280
   60.8921  153.1479
   60.9190  158.2200
   60.4449  155.3364
   69.5167  161.3799
   62.4991  153.5030
   62.5758  162.9235
   63.4145  159.7100
   66.4897  165.1453
   68.1311  166.9892
   64.8819  157.8798
   69.9640  169.4430
   60.0097  156.0512
   61.7750  158.8736
   58.1289  152.2331
   65.6956  157.5534
   68.9985  162.0306
   69.7028  171.0565
   64.9931  161.4790
   69.3943  164.6584
   64.0118  157.2031
   66.0445  161.4309
   62.2925  161.6717
   67.8653  165.3472
   67.3473  158.2357
   67.1184  171.6503
   59.1171  155.9856
   66.3843  163.2995
   62.8794  158.8219
   57.2019  147.3695
   67.4372  167.2610
   61.2012  154.1847
   62.9109  156.9074
   64.9575  158.4022
   60.0235  153.1143
   71.8046  165.1041
   67.4581  162.8715
   57.1989  151.7347
   67.5846  160.5309
   64.3504  160.3138
   69.0903  165.2716
   62.4380  158.8767
   65.8469  160.5216
   67.1000  165.3503
   62.2127  150.7699
   69.8989  166.0864
   66.7112  160.1658
   69.8530  168.4346
   66.7754  163.2507
   62.5658  155.0087
   66.0648  161.1489
   65.4631  159.6950
   66.8709  167.6741
   60.5255  155.7154
   62.9960  160.3716
   71.9584  167.4145
   60.7497  154.6500
   65.8314  164.0998
   59.3523  156.7903
   63.7398  158.9175
   61.6794  158.4595
   64.2034  159.0787
   67.6428  165.6335
   66.4577  163.6863
   70.6787  166.5671
   63.2114  158.8281
   65.2701  161.7897
   59.5653  150.6904
   72.9106  166.6760
   68.8225  162.8943
   70.6427  170.3520
   67.0402  164.0907
   67.5371  160.3986
   69.0922  165.4391
   67.0260  162.2499
   66.9470  169.5182
   61.7282  153.1068
   60.4689  157.5967
   68.3513  165.4095
   59.7420  155.5001
   65.6001  156.2724
   64.9235  159.8626
   65.5053  160.6182
   64.3512  157.3482
   68.0936  168.2174
   64.4846  151.7292
   64.7019  161.1360
   64.5509  159.6648
   63.4018  163.2682
   66.8415  161.1183
   67.0077  157.1425
   66.1398  162.7934
   67.0134  163.5301
   63.2165  155.7446
   64.5606  160.6140
   67.7762  164.1601
   61.2714  157.2003
   66.8005  157.1999
   66.4827  161.4466
   72.4584  172.5265
   59.9407  149.3822
   66.3249  165.9838
   59.6830  157.7551
   61.9104  156.3920
   63.4506  157.2279
   64.4362  159.0783
   59.3925  149.4694
   63.8360  161.0582
   63.8246  154.1444
   62.3321  157.2137
   67.3962  161.5918
   66.3839  163.1360
   60.6572  155.7983
   67.0659  158.7955
   65.7825  157.2083
   59.7880  150.4337
   56.3240  149.3546
   66.4422  156.8073
   62.9414  155.6286
   65.8451  164.6142
   68.6409  162.5179
   62.7957  165.7192
   67.3680  161.2078
   56.0611  148.1378
   59.6201  153.3256
   64.0728  162.2619
   60.2188  156.1996
   61.1377  154.0279
   63.6372  155.6956
   66.7023  161.7338
   62.3993  158.9021
   61.8767  154.3690
   66.7418  167.1594
   59.4268  153.7847
   67.2653  158.9616
   67.5166  155.9825
   64.9339  160.5105
   61.7991  152.3549
   67.1525  162.8314
   62.0904  156.8765
   70.9207  167.8791
   61.8970  154.7624
   70.1428  166.9060
   65.7544  165.3043
   62.8527  155.5532
   62.3218  151.8804
   62.8906  153.3010
   70.6089  167.1132
   72.2840  173.0935
   65.2650  163.1556
   66.6940  158.3718
   67.9867  165.0019
   67.4434  165.9225
   60.7226  159.2267
   63.7173  158.6217
   64.0257  157.8077
   61.8767  158.7212
   59.3421  155.4173
   67.0885  158.8543
   67.1556  159.5947
   64.7653  159.4525
   61.3971  155.8723
   67.6376  158.6946
   63.7694  157.4117
   67.1752  156.9287
   61.0281  152.1378
   62.7529  155.4031
   66.9860  164.3440
   65.7820  159.3870
   65.6970  160.8257
   62.7064  157.4649
   65.1685  153.6955
   67.5646  160.3717
   70.5158  167.6134
   61.3586  151.9025
   60.4653  151.4585
   63.3712  161.1998
   64.0505  158.4360
   70.7047  167.9412
   61.4273  153.2074
   71.5305  166.0619
   67.5111  161.0504
   69.0273  165.9322
   65.3838  159.6005
   66.1311  166.8094
   67.3422  161.6722
   62.2052  160.2339
   65.4423  169.0463
   69.1452  163.4064
   67.8774  158.1165
   62.4726  161.5563
   70.7482  164.0432
   69.0966  167.4050
   69.4865  158.4391
   71.7789  169.8016
   68.1267  164.8987
   65.3044  162.2238
   65.3891  159.7822
   62.3813  157.4302
   71.3053  170.2874
   65.1160  160.7984
   67.5546  163.4367
   65.7963  159.6894
   61.8562  156.9830
   68.6174  162.5681
   60.5977  154.0177
   64.4551  163.2552
   70.9353  168.7658
   62.4488  151.6284
   68.3900  163.9226
   65.2223  156.2684
   65.5379  160.4182
   67.0940  166.2119
   60.9973  151.5093
   63.4565  160.2458
   62.6925  155.1874
   66.6700  168.6660
   64.4898  156.1074
   64.9787  160.7936
   66.4788  161.2946
   60.9355  155.0673
   72.8856  170.8974
   62.7208  157.7923
   65.3907  162.8879
   61.4311  155.7584
   73.1482  167.8597
   60.1114  155.8248
   66.2614  159.6803
   63.9399  156.5603
   66.2477  160.0120
   63.1967  158.3198
   66.4420  166.3827
   59.1138  151.4705
   65.5007  162.4561
   64.2133  161.3308
   67.0917  156.0940
   62.2138  157.9231
   70.7482  165.1233
   69.0665  166.0862
   63.3336  156.3838
   61.0266  158.4359
   65.2648  160.2730
   63.6283  159.2999
   68.0045  169.1020
   62.3776  155.2023
   70.4624  161.8046
   70.2004  169.0453
   67.2483  161.9835
   60.9032  158.6323
   65.0914  162.0852
   66.1696  163.6730
   59.4887  152.6046
   59.8051  154.3499
   62.8100  159.7802
   63.9488  157.9209
   65.2490  159.9646
   63.0685  156.5372
   67.3163  165.6679
   63.5340  158.6539
   68.8108  166.7180
   67.0607  164.9137
   61.2579  154.2273
   68.4623  168.6048
   66.0024  163.8840
   67.4515  159.9954
   66.9705  165.4558
   72.8693  166.8060
   71.5517  168.3561
   69.9061  165.5342
   63.5987  159.8754
   57.3592  153.3581
   62.6921  157.8435
   67.2913  166.4649
   66.4589  157.5461
   67.0576  164.0615
   70.0436  166.2617
   61.8658  153.5330
   60.6587  154.2200
   65.9342  162.2401
   65.1855  157.5750
   64.1294  160.8348
   67.2059  162.1579
   63.1812  155.6161
   62.9247  158.8577
   66.7009  164.2812
   61.8833  157.6780
   65.3506  162.0276
   63.5303  161.3339
   64.6770  159.5498
   66.9194  155.8343
   67.4782  170.8331
   65.8658  158.3163
   62.8361  160.0674
   64.7705  160.5844
   67.2326  160.8805
   61.9749  159.5049
   64.8025  162.8610
   65.5766  166.9063
   59.5855  156.3854
   68.8100  161.9199
   70.2126  168.6710
   69.9269  166.9753
   58.3420  150.8061
   61.8071  154.1430
   64.4193  156.8248
   63.6394  159.7056
   67.3179  163.6639
   63.9250  157.4718
   61.4255  148.8269
   64.8335  161.8339
   64.1203  160.6396
   70.6420  165.3633
   62.0168  155.0825
   66.8342  161.4463
   70.3342  160.5827
   59.5376  156.5696
   64.9304  164.6636
   70.7978  166.5130
   66.8297  154.7324
   61.5896  151.9265
   67.8902  161.0437
   65.2466  162.8958
   64.7252  163.3028
   62.9490  160.1101
   66.4246  161.0911
   61.5839  150.1458
   65.5661  159.1646
   66.1980  159.7211
   62.9319  160.3194
   72.2274  171.7604
   65.1788  163.8079
   67.9463  169.2107
   61.9634  155.9658
   67.7192  163.4428
   66.1972  161.2751
   67.5557  160.6070
   62.4224  162.0192
   65.7788  159.2641
   62.5097  157.4052
   66.8176  166.1029
   66.6217  165.4995
   63.3507  154.4274
   66.7780  164.1870
   66.2709  162.3712
   62.4768  158.1650
   70.2802  169.8483
   68.0732  165.8099
   59.5746  160.2941
   68.6050  165.6236
   64.5794  157.6472
   64.6694  160.3571
   66.8532  159.2064
   64.7615  164.9590
   63.6735  157.6706
   68.3354  162.8496
   67.4087  164.1818
   62.3655  156.2265
   64.8652  162.6391
   67.7484  160.0985
   64.7869  157.3301
   59.5411  158.5641
   65.5153  162.1669
   66.3731  160.6136
   64.0819  157.9829
   61.1634  154.5593
   63.1724  157.9947
   62.1649  159.7185
   68.6381  169.4238
   68.6922  159.3751
   57.9421  151.7916
   67.9258  163.0885
   67.2665  162.0532
   66.2410  161.9120
   68.1214  165.7551
   65.8440  160.2038
   70.2074  165.1701
   65.5497  163.5498
   68.5141  159.7526
   64.4278  163.4024
   63.6935  161.1801
   69.6260  163.2049
   69.4966  162.4923
   59.8237  152.7269
   68.0105  159.4555
   62.3935  156.7554
   66.4307  166.4002
   65.1579  158.8437
   68.0628  158.4709
   67.5220  163.9540
   58.3367  154.0487
   65.4416  169.8919
   68.5998  161.3993
   63.0543  158.5544
   68.5802  157.2245
   63.7787  160.8913
   65.3913  150.8103
   65.7002  161.9466
   68.3006  159.9991
   66.6405  156.2634
   62.5273  163.7119
   63.5651  156.3598
   65.6127  161.3604
   65.6652  163.6351
   64.3037  161.9987
   64.3217  157.7302
   59.6377  156.0571
   61.1853  154.1527
   65.2466  160.0848
   68.1656  164.0363
   62.0086  158.1827
   70.8057  171.6373
   65.1409  157.0976
   59.0788  152.5919
   62.2172  156.8326
   62.5760  153.4180
   70.4025  165.2237
   63.2096  159.9355
   67.0092  161.9390
   61.9415  156.0667
   64.5808  155.2522
   67.0116  160.8082
   67.2545  160.2678
   61.8645  154.7183
   75.3631  171.6738
   63.9970  159.4978
   62.5911  156.4438
   69.3367  162.6624
   68.9790  166.1606
   66.6310  164.0285
   61.4603  153.0043
   68.6600  163.4609
   67.6259  162.1993
   64.9218  165.5091
   68.4774  169.3926
   68.3288  163.9871
   64.9801  160.5151
   66.1924  159.9701
   63.8713  156.2667
   65.2060  157.4314
   68.5400  161.4963
   59.6740  149.5986
   67.2997  162.3839
   61.1143  159.6076
   62.6060  148.8648
   60.8929  158.0255
   64.8591  160.2457
   67.6537  162.6612
   67.4112  166.2890
   67.4353  163.9073
   66.6175  156.3962
   67.3833  160.1433
   63.5197  159.1651
   73.2865  169.0698
   66.9636  165.2382
   64.2722  157.2326
   62.3569  158.8734
   61.9297  155.1136
   71.2867  167.3388