   65.8558  180.1119
   69.3754  181.5351
   71.8711  178.1592
   71.6428  187.5805
   71.8057  180.5201
   69.7397  181.3860
   62.6505  172.7775
   75.3191  187.1710
   68.8590  184.8493
   72.3817  187.7952
   66.2763  169.7333
   68.2794  178.8375
   74.0378  177.2300
   66.3531  176.1187
   62.0946  171.8324
   64.6222  164.6340
   65.1829  177.8418
   64.9380  173.0637
   69.4269  186.9352
   74.7442  183.4160
   70.9796  180.6265
   60.1611  171.2282
   76.1012  190.8225
   76.9010  186.7077
   74.5243  191.2609
   69.6653  177.1403
   69.6511  178.9618
   71.0534  176.3248
   70.3635  177.8953
   72.3422  180.1230
   69.9192  180.9492
   61.0386  166.5870
   70.5338  180.4518
   67.3399  178.3228
   62.2832  167.1464
   65.6627  175.6407
   66.4505  177.0358
   71.1914  177.0902
   71.6830  183.2681
   67.9029  173.9631
   69.1508  176.0472
   74.0473  180.9889
   70.4937  177.3686
   71.2035  181.4937
   68.2974  182.5453
   63.3984  170.3920
   72.4988  179.8280
   67.8325  177.2113
   62.6251  170.2102
   70.0227  175.3818
   69.6563  180.6635
   62.2045  168.9595
   76.6010  186.5489
   72.6832  180.9549
   70.3122  176.0186
   67.1706  176.8005
   74.2391  185.5631
   67.9762  180.9085
   62.2311  177.1171
   68.3102  176.0878
   65.5113  176.8808
   64.9979  168.3765
   67.4389  174.8294
   73.0720  184.9275
   69.3605  179.4629
   63.6654  171.5923
   64.2879  173.1104
   64.2043  172.2503
   70.9295  181.3912
   76.5758  188.5627
   67.1071  178.6679
   68.0840  176.2824
   68.9038  178.6757
   63.5871  171.7393
   70.4460  184.0605
   63.6075  170.4386
   74.6382  183.6417
   77.1593  188.7705
   70.6627  178.4572
   64.6150  169.9556
   73.7788  188.5100
   69.3057  172.6697
   68.4677  178.4465
   71.0138  184.7044
   71.1015  177.0877
   58.9248  175.7830
   66.2616  177.6305
   73.5559  188.2500
   61.5451  162.9300
   69.7718  181.4732
   77.5607  189.5150
   65.4206  177.7710
   75.4475  187.0865
   70.0434  185.1951
   62.6278  176.6520
   72.0675  180.1919
   73.9521  185.0290
   71.2427  193.0703
   78.6167  187.4889
   68.7366  181.2620
   68.0012  186.3372
   63.6966  180.0437
   74.9723  181.2467
   74.5821  180.9270
   68.0912  177.6084
   64.0271  172.5122
   71.5016  180.0077
   71.3262  179.8649
   67.3494  173.9989
   68.8105  181.0392
   71.3588  184.0411
   74.8119  188.4437
   71.8488  182.1737
   71.1981  178.7114
   68.1138  174.4487
   71.8110  182.9793
   70.4852  180.1463
   70.2362  181.0958
   68.9063  180.5579
   62.4273  171.9276
   68.8030  176.4068
   66.3961  176.0841
   70.8963  179.5708
   73.0263  182.1615
   61.1399  170.7248
   65.3029  173.8057
   70.0053  184.2579
   65.8106  178.5953
   64.7285  172.8591
   58.6328  173.1513
   73.4284  186.8326
   70.3761  184.9504
   71.2040  183.0594
   66.0211  173.5932
   70.5656  180.7691
   72.6871  178.2450
   74.8528  184.1881
   70.7236  178.6639
   67.0926  177.5956
   75.7416  188.8983
   70.7630  178.1907
   66.8905  172.5784
   71.1456  173.9961
   70.7242  183.6190
   66.5400  177.2864
   68.5990  179.2549
   72.4617  184.0598
   70.3295  174.8029
   70.2492  175.7654
   68.7000  182.4578
   68.2384  176.5192
   66.5830  175.6431
   76.4032  187.6518
   74.2008  178.8836
   63.1498  177.9465
   75.9730  186.4674
   77.5539  188.5344
   70.9504  179.8914
   80.4207  188.4201
   72.1557  183.1086
   64.6931  177.0888
   68.5484  180.8881
   80.8933  197.3280
   73.0649  180.7244
   65.6638  171.2138
   72.0684  185.9116
   70.6983  182.6492
   75.0175  184.0826
   71.7999  182.9636
   71.1381  181.8886
   68.9736  175.4236
   70.3905  180.0400
   76.0901  187.0182
   77.4970  191.1326
   66.9607  176.0998
   70.3727  184.3078
   68.3744  177.8264
   75.3241  184.1112
   67.8140  178.1594
   67.3919  180.1236
   70.8515  182.0225
   73.6206  181.9898
   67.1837  172.1997
   69.4674  178.9643
   73.7596  179.7511
   66.8888  177.1310
   64.7571  179.7782
   71.4387  179.7559
   70.9454  184.6511
   70.7000  181.3777
   73.3647  180.2389
   72.9356  185.0392
   69.9533  179.6784
   68.3521  173.5560
   69.3574  183.9510
   62.9529  171.9477
   64.6319  177.7472
   68.4658  177.9471
   69.2600  180.8099
   70.4119  180.3759
   69.5244  178.4138
   66.1840  173.8060
   70.8185  179.7340
   65.7401  180.9823
   63.6900  175.6109
   74.5486  186.1743
   71.2338  178.1774
   63.8326  170.1607
   79.3279  188.8786
   75.3116  179.9184
   73.0121  183.1998
   66.3447  173.0917
   69.0058  176.6931
   76.9530  191.7284
   70.4051  178.4916
   67.3889  172.8092
   62.6045  173.4363
   69.6039  185.8560
   68.2730  181.3836
   74.4329  182.9058
   68.0817  178.2443
   73.0074  185.4444
   67.7997  172.7911
   73.3404  180.2556
   71.3191  183.4455
   63.2151  168.8275
   67.7703  179.2819
   73.9223  185.7774
   65.0790  178.7265
   63.8464  177.4371
   72.8149  182.7142
   66.0171  179.9758
   73.1297  186.0479
   67.7918  170.0756
   65.4119  172.9355
   73.4242  184.3895
   65.4317  172.9059
   68.7389  182.4563
   70.3818  178.1137
   69.7169  174.1160
   62.9759  177.9108
   72.2085  185.2826
   80.2919  195.2602
   69.0066  183.4917
   77.0987  187.1637
   66.2537  179.5811
   72.1927  183.1648
   75.6265  189.8352
   63.5540  172.1730
   74.4535  187.8095
   70.5417  177.8371
   74.5839  182.8523
   65.3806  171.0741
   72.3317  172.2504
   64.7752  171.5754
   68.4336  178.9917
   66.3094  168.8043
   70.3694  181.9098
   70.2900  178.3896
   64.2095  169.1643
   74.9242  191.3421
   75.5445  188.3686
   72.1291  186.6599
   73.1278  180.9782
   73.5518  184.1918
   62.4980  171.8200
   69.7415  172.2245
   67.2883  176.0371
   63.9725  174.5126
   72.0559  183.8251
   67.2107  173.4156
   69.7498  184.7243
   68.5717  182.1028
   73.6446  183.4525
   74.7580  182.2529
   74.6941  184.0330
   59.7361  171.8822
   69.4532  177.1554
   75.1764  188.4830
   68.0546  175.6938
   63.0276  169.6738
   71.0534  182.6528
   71.1416  183.9454
   72.4730  183.9251
   71.6583  189.4015
   70.9572  182.2861
   69.2496  170.4163
   69.0195  174.7637
   65.4532  169.5978
   66.6020  181.1632
   74.7406  184.6242
   73.9915  179.0098
   70.7649  184.1025
   68.0236  184.7697
   62.4580  170.1733
   72.6574  180.5475
   67.0313  183.4649
   64.6711  173.0590
   69.5945  181.5063
   67.2583  177.6215
   70.6426  182.0833
   77.1517  187.4491
   66.5778  181.3834
   65.8657  179.2195
   64.2605  163.9198
   72.6919  179.3192
   66.8743  173.0728
   71.7119  181.2701
   69.8255  176.4080
   69.8872  185.6352
   74.6225  184.5210
   62.4101  167.4379
   72.3333  191.0311
   69.4641  183.9128
   74.0104  185.4268
   69.4810  177.0106
   69.7610  180.3232
   63.9264  175.7611
   69.5528  179.8034
   66.9280  175.7123
   72.3432  182.4603
   65.1547  176.1108
   63.6649  177.9187
   75.2685  187.1721
   71.5697  181.4995
   77.4316  188.5787
   71.8744  180.5860
   70.7376  176.4015
   71.0449  176.9793
   67.3526  172.6827
   68.5970  179.0986
   65.8131  178.4249
   72.8750  182.2754
   67.2338  179.6076
   72.5346  183.4035
   65.1597  176.6374
   70.0908  175.2915
   72.6286  184.7285
   72.5124  181.4676
   68.4155  180.2341
   72.6881  182.0285
   72.0428  186.7899
   68.5763  184.5260
   70.9863  176.2586
   70.0903  180.5440
   70.8852  184.7808
   65.9183  177.9503
   70.3248  178.9832
   66.4309  183.0258
   66.7550  178.3604
   63.5647  168.6662
   73.9019  182.1103
   65.5596  179.8763
   76.5522  186.8900
   64.7001  177.4140
   71.4791  182.4031
   63.1474  174.9666
   72.5979  183.3736
   72.1096  187.0240
   63.4387  175.8800
   70.9039  177.6376
   66.3420  173.2936
   76.9736  188.7751
   66.7985  179.1563
   71.5411  183.2872
   69.7353  177.7260
   67.6983  178.9222
   70.1714  177.8222
   70.6243  178.5144
   68.9218  178.1506
   71.4732  178.5955
   70.4282  182.7237
   72.5225  184.1271
   70.1407  184.3564
   67.3757  179.3890
   73.3599  188.0054
   72.2083  180.7115
   69.5390  179.3827
   70.3729  183.8224
   72.1527  176.4271
   80.0764  193.9521
   72.4193  185.0678
   66.4771  175.0973
   68.9561  187.1201
   70.9503  187.8085
   75.4881  188.7383
   66.0629  175.5783
   75.4396  186.7649
   76.0591  187.0263
   72.9843  184.2967
   73.2312  183.7703
   70.9941  180.5066
   71.9789  188.2162
   67.5149  172.2345
   65.7582  171.0651
   70.0845  174.2826
   74.4487  178.7527
   69.1171  174.7244
   78.2229  190.4987
   69.6783  176.2371
   69.1362  177.2497
   68.7549  185.0915
   73.8256  184.8841
   64.4579  173.2052
   79.4389  192.5878
   68.2731  172.8653
   69.4219  178.4548
   72.2584  184.5559
   66.0947  180.0949
   73.1124  182.1842
   72.4358  179.2927
   68.0067  176.6829
   74.3386  186.9872
   65.5028  174.0027
   77.0095  187.7793
   73.3783  184.7783
   68.2843  177.3522
   70.4014  178.1890
   61.5924  164.4965
   76.1993  190.0479
   69.4537  173.2052
   64.4594  172.9413
   64.5097  174.1433
   69.4536  175.4819
   67.3493  176.6927
   77.6381  193.7518
   66.7882  174.8781
   74.4411  184.8713
   63.3143  171.8799
   69.3938  185.1536
   76.7762  189.7570
   67.4482  178.5497
   61.1097  172.0583
   74.8564  184.0956
   68.6944  173.9176
   70.1081  180.3913
   62.2096  175.7139
   70.7315  185.3720
   71.8836  179.9909
   72.3217  183.1197
   70.0096  183.9810
   68.4605  181.6035
   69.5005  179.0193
   71.6262  179.1519
   72.1281  189.6689
   64.8813  171.9406
   74.2743  183.3667
   66.3901  170.6105
   71.9951  182.1696
   72.7371  182.1254
   68.7154  173.8371
   70.5844  185.0534
   70.0950  182.5762
   68.8074  171.0669
   72.2973  188.4650
   63.8947  173.4774
   68.4794  182.7936
   67.4722  176.3447
   68.4401  178.7728
   75.2081  184.8653
   72.5763  179.8319
   71.0333  178.9932
   69.2452  181.7514
   70.8086  185.5282
   59.8353  170.4396
   73.8288  186.9420
   67.2704  184.2731
   63.5744  174.3102
   63.5987  172.5080
   70.5751  180.9993
   69.2854  186.1118
   63.4441  173.5475
   62.5498  170.5480
   75.9083  190.2193
   69.0968  177.8096
   63.6530  174.8614
   73.1579  184.3564
   71.0663  178.1751
   66.7087  174.4142
   77.3529  190.1418
   74.5317  179.3274
   70.1219  183.5898
   70.4828  182.0464
   69.0221  181.2559
   68.9140  176.7982
   72.6739  179.3203
   61.3436  164.1189
   72.4941  177.7012
   71.2572  178.3828
   74.8955  187.5565
   74.2664  181.9496
   71.4087  184.0400
   74.9338  186.3545
   68.0495  178.1701
   63.7155  165.5064
   68.9091  176.9529
   60.9161  170.9109
   72.1552  177.8646
   69.1729  174.9303
   63.0562  171.8052
   69.1223  176.1914
   72.1085  183.0393
   71.0093  178.9048
   67.7177  179.8834
   69.6485  180.2969
   67.3592  169.3910
   73.2578  183.7968
   64.8678  173.7199
   67.2752  179.7765
   70.1738  177.0620
   63.2006  165.9940
   74.4172  189.7059
   66.4053  174.3738
   75.9120  188.0077
   73.9812  186.6592
   73.8471  182.1486
   67.8813  176.9437
   77.5720  193.7829
   67.3901  178.7053
   68.7456  185.0353
   70.6995  175.2359
   71.8168  177.8350
   68.4291  175.5802
   71.6418  177.9867
   73.5982  184.0089
   67.8195  174.3409
   67.2973  175.3062
   67.3623  175.1843
   71.6594  186.4043
   73.4503  184.4739
   70.4218  175.9145
   70.8580  182.6143
   65.2780  170.5562
   76.1681  189.9840
   69.1344  183.3835
   64.8187  177.9246
   70.0818  178.8366
   70.2415  179.3694
   71.9384  183.4712
   76.8370  188.4068
   69.6141  183.6373
   64.6315  173.9967
   67.3231  165.9671
   67.0182  177.0558
   66.0127  177.7041
   71.8582  189.7856
   72.6298  183.4985
   69.4774  176.6959
   71.1761  183.7805
   71.0186  176.2981
   71.5037  181.9890
   72.0851  183.0167
   63.4391  169.4797
   69.3148  178.7426
   67.2110  185.3850
   70.8526  184.5439
   65.8829  178.4240
   70.0119  180.8839
   73.4780  182.7671
   73.5213  187.3878
   66.6481  176.6871
   70.6946  177.5329
   75.0074  192.1551
   77.5777  188.6621
   72.9724  181.8812
   68.6129  177.7940
   66.1906  171.9394
   85.1425  201.7979
   66.8045  180.6957
   72.9961  185.6227
   77.7808  187.8935
   78.6862  183.8781
   66.3636  184.5764
   71.1910  184.8845
   69.5783  181.1111
   62.6301  173.0927
   66.7456  173.9604
   62.8637  172.3788
   69.5329  180.8279
   69.6902  181.8378
   76.1710  186.1044
   64.6867  168.5767
   69.1569  179.6131
   72.6868  187.2613
   68.3515  182.7185
   67.9246  181.0836
   71.3166  185.0393
   71.5230  183.8172
   68.2243  178.4822
   67.6004  185.5505
   64.2811  172.9555
   67.8496  186.2543
   65.8546  174.3489
   70.6025  183.5880
   76.7327  192.4441
   67.7855  177.6257
   66.2414  176.6547
   74.8996  189.6908
   67.6495  171.6319
   72.9726  184.9773
   67.2002  174.6740
   65.1912  169.3561
   70.7475  185.5775
   67.2542  182.3971
   68.9687  179.5767
   64.3378  169.7831
   75.5280  182.6018
   66.4032  171.9758
   72.8395  185.0727
   72.5595  179.0498
   67.4492  178.0750
   60.5298  168.3231
   68.0486  181.2403
   69.8058  181.9292
   69.0247  180.6329
   70.5072  184.5061
   67.5536  176.7467
   73.4677  179.4782
   73.6921  176.0924
   72.1788  182.7540
   68.7690  179.3757
   73.1747  178.3278
   70.1269  173.3510
   68.5055  176.3878
   68.7775  172.0483
   65.3270  173.2712
   65.0282  177.8708
   72.2243  189.0991
   74.9027  195.4447
   69.2745  175.9673
   65.6548  176.6086
   69.5577  178.8247
   72.3432  184.3844
   69.3208  179.5725
   66.3269  172.6304
   70.2584  179.5771
   73.9639  183.8906
   70.9785  186.7900
   62.8543  171.3832
   69.4381  174.8548
   77.7613  191.8055
   71.6317  184.2751
   71.0326  183.5922
   68.0500  177.9093
   74.0559  178.9453
   82.4325  194.6164
   72.7900  177.1385
   71.3806  183.3887
   74.2857  182.0387
   62.5513  171.2592
   67.1320  180.5545
   66.6049  175.9094
   71.0102  179.0278
   74.9876  183.6512
   64.0870  173.0700
   64.6878  175.1889
   72.2029  179.4195
   71.0106  187.1745
   72.1299  184.9096
   70.6987  191.1576
   68.1907  182.6654
   67.8510  177.1211
   70.7379  183.6887
   76.9579  187.5593
   69.8556  178.6285
   70.5012  179.9437
   73.8507  182.0368
   70.8876  182.9131
   71.8534  185.8198
   69.8030  184.1843
   76.8416  192.2812
   71.6539  173.1172
   71.8092  182.5377
   70.2453  173.6769
   69.1922  177.0008
   67.2553  171.8938
   77.0756  189.2046
   69.5425  187.4550
   68.7031  179.8653
   71.8352  181.8353
   77.1354  184.2068
   68.9520  175.3904
   73.3749  188.7397
   72.1189  188.3932
   68.4424  182.9640
   68.1759  181.2951
   58.6853  157.6358
   73.0313  174.8469
   68.4496  173.3345
   74.1741  180.9857
   70.4355  177.3593
   68.1025  176.1232
   67.8035  181.1809
   69.9967  180.6481
   65.0891  175.0142
   73.7122  188.4363
   70.7536  183.4651
   66.4948  176.8126
   71.0136  174.3828
   81.2183  191.1991
   72.3537  184.7019
   62.9882  174.7179
   74.9878  188.7099
   77.0574  189.1800
   70.2701  178.9883
   67.1627  175.1155
   62.8665  160.5415
   70.6291  182.9667
   74.5774  182.4104
   70.6878  180.5628
   68.9525  179.0761
   73.0646  187.7355
   73.4328  184.4763
   72.4113  182.6799
   69.6522  184.6307
   69.9636  181.0777
   66.8839  178.4066
   68.6037  176.5068
   67.9521  172.4822
   67.7450  172.7369
   72.2416  182.7083
   69.0213  180.3537
   77.7962  186.7527
   72.2918  180.6075
   65.2765  169.0561
   70.7061  177.9597
   65.9693  182.2212
   70.1477  178.0561
   68.9567  181.2674
   71.9307  178.9394
   71.1968  180.7324
   66.0141  172.0712
   74.6894  187.8254
   66.1671  178.5059
   70.0950  178.0278
   70.7685  179.6681
   74.9259  185.5339
   71.4062  187.6967
   67.2074  169.9067
   67.2019  175.3744
   64.9772  175.7627
   67.4854  177.2798
   68.4972  185.4091
   71.7305  176.4384
   70.8524  184.0271
   74.0972  182.7205
   67.9673  176.7649
   67.7794  175.4988
   69.7706  179.8996
   76.4701  184.1706
   71.9979  185.6336
   63.2747  178.6092
   68.0111  178.3625
   71.7644  177.6790
   65.9266  168.7225
   73.5989  183.3570
   77.9009  193.3348
   74.3747  185.0251
   67.3659  172.8006
   71.8825  183.5819
   61.5705  174.0523
   66.6644  171.5626
   72.5624  181.7912
   62.8163  169.3945
   70.2257  185.2225
   74.3169  182.8421
   68.3353  180.1406
   74.9635  183.0639
   70.3265  180.4883
   72.4215  182.4756
   68.8761  180.6864
   65.2764  175.9641
   71.2319  187.4642
   72.1401  180.9925
   72.6114  187.8832
   70.0822  189.0378
   71.0705  180.9783
   67.7789  171.2158
   71.7680  182.6106
   73.7688  184.3291
   69.2819  181.2086
   76.3781  189.3274
   68.3636  176.6192
   66.7967  179.0967
   73.2150  187.9165
   74.6775  182.4097
   69.3997  183.7772
   69.7709  177.5426
   71.2141  182.8226
   75.1835  186.6866
   71.3085  177.6767
   68.2233  177.7006
   69.2251  181.6061
   76.3340  190.9444
   66.2775  169.8079
   67.6972  179.6861
   70.7891  177.2201
   78.1523  192.9436
   70.4167  181.4247
   71.7677  181.7915
   63.7503  174.1045
   72.8202  183.9408
   69.7065  171.9621
   67.2189  179.1674
   71.4630  176.3486
   69.5767  182.4241
   74.8053  183.2943
   73.6764  180.2023
   64.0567  171.9116
   63.5208  172.3049
   76.5658  191.3065
   72.4356  180.5776
   75.3774  186.3553
   67.8632  176.2628
   64.4907  179.3734
   72.0512  186.6871
   69.0185  181.7938
   74.6771  186.7310
   62.9562  172.1829
   72.5257  177.0343
   67.6692  178.2308
   73.8661  188.1626
   77.6367  188.5502
   73.6723  184.9217
   73.5059  176.9811
   65.8372  172.6012
   67.1434  179.1747
   62.8485  168.6946
   73.4777  183.0595
   71.9123  181.3479
   70.4432  187.2033
   66.9295  179.6515
   74.0380  184.0155
   70.6646  181.0848
   68.9893  176.8984
   75.9680  191.4691
   75.0989  196.3057
   62.0967  167.1535
   71.9563  181.8930
   76.8724  192.8415
   74.6107  189.2049
   74.8389  187.7730
   75.4531  188.0782
   74.4740  184.9749
   64.5448  176.7488
   67.0673  177.2009
   72.3307  184.4364
   69.8060  182.7875
   65.7255  174.7281
   66.9571  178.2686
   69.4445  176.5630
   71.6927  181.8974
   79.6172  191.5592
   69.9871  181.8999
   68.5313  175.4090
   67.7369  175.3253
   65.7018  178.0362
   69.0864  179.3974
   68.8767  176.9133
   70.2697  184.6323
   73.6339  181.8837
   69.3455  183.2426
   68.0512  177.1033
   67.7748  180.3533
   67.5309  174.4071
   70.2060  184.6789
   68.2834  172.9047
   75.5843  188.6873
   74.1647  182.0798
   67.7466  175.7962
   71.1104  174.4500
   63.6355  170.1943
   69.0947  179.5542
   69.0973  179.3084
   69.6108  175.8917
   79.8964  192.2729
   76.4503  187.6130
   71.8688  181.7024
   71.3330  174.1964
   70.9352  177.1993
   76.4072  185.3231
   78.1754  192.2221
   71.0240  181.7581
   65.2899  180.4061
   67.2638  176.2313
   73.6644  185.0240
   73.5816  184.1892
   70.0438  175.5109
   73.0207  181.6772
   70.9115  180.7339
   68.5247  176.2607
   75.6713  182.9307
   75.3666  176.7850
   73.8752  185.2375
   64.7495  173.3456
   67.5206  175.4460
   70.0891  183.7650
   75.9420  184.8600
   68.6598  177.8083
   75.0248  189.2340
   77.7549  189.3622
   65.4252  173.7119
   73.4181  182.5886
   68.3484  174.2285
   65.7452  181.2960
   69.6452  184.0500
   70.3461  179.8843
   68.9042  179.2855
   72.3207  183.6446
   70.4155  176.8895
   66.9528  179.1996
   69.0161  174.5568
   68.8060  178.3430
   64.9898  173.3484
   75.7069  189.4204
   68.3662  182.4428
   75.7247  192.1074
   68.8494  179.7614
   73.0016  186.9954
   72.5002  185.2448
   70.3366  179.1526
   76.2290  190.6143
   70.2363  172.1349
   66.9421  178.0073
   67.8608  172.6992
   72.7000  178.6892
   63.9293  171.6915
   71.1270  184.4820
   72.3647  183.6841
   66.5529  174.5316
   74.0447  186.3738
   68.3885  174.9893
   72.2585  178.3047
   72.4955  182.6429
   65.0968  175.1890
   71.0685  180.4808
   71.8243  189.8916
   67.8725  174.8247
   65.4002  173.5402
   69.0889  181.8847
   71.4351  183.6866
   66.7293  176.6489
   67.3663  177.6505
   68.4577  185.5081
   76.1115  191.1584
   73.6066  182.4063
   70.6833  181.6622
   66.6963  178.8962
   63.7402  169.0415
   67.4764  170.6636
   68.7848  174.8266
   62.5444  180.2093
   73.4500  189.4133
   71.3816  176.5739
   76.9455  194.1184
   70.1118  181.2817
   71.7988  183.1940
   73.2089  183.4276
   66.6836  173.8460
   65.9449  173.2797
   73.0319  182.1091
   63.3354  170.6608
   61.3197  173.8790
   74.7967  185.3547
   65.4357  177.5293
   68.4895  173.3521
   63.6877  174.7883
   72.2634  180.8893
   71.8726  177.2394
   66.1023  181.5953
   77.3102  197.4909
   67.0328  176.1940
   69.6924  182.1211
   78.4392  191.2593
   73.2887  178.7376
   70.7506  180.8894
   65.2112  174.3804
   65.3613  174.6276
   76.5852  181.9486
   74.6574  185.9385
   69.6626  179.4367
   73.0450  191.4571
   67.5599  178.0542
   71.1072  182.9806
   76.8605  189.2411
   75.4451  184.3431
   73.6279  188.8002
   70.4291  176.1606
   70.0535  179.0500
   64.5319  171.8678
   74.8841  183.0929
   66.5373  175.5721
   64.0073  176.7195
   61.4245  164.0918
   73.2205  189.4058
   75.4198  190.2305
   76.2055  184.2466
   65.9183  176.9817
   72.3027  180.5082
   68.6714  175.0832
   74.6961  181.1642
   68.4036  168.1473
   61.0341  161.1599
   72.4037  185.9567
   73.4225  178.0752
   63.9954  171.2587
   71.3119  178.0559
   69.0539  177.8940
   66.7270  176.5640
   66.8646  180.1996
   73.1802  181.9438
   69.7011  176.3802
   72.9612  179.2107
   67.8265  174.8546
   74.5344  187.4777
   64.5565  179.3758
   63.5933  176.4235
   66.1641  172.9074
   71.1207  180.2674
   72.4211  183.7565
   71.9710  181.9043
   74.0441  185.0718
   73.0441  182.9735
   68.5932  180.2833
   70.2046  181.4298
   66.5910  172.7664
   67.8707  180.0906
   75.6589  186.2694
   73.8029  193.0219
   75.5840  189.8761
   67.8074  182.6351
   68.4185  177.8883
   64.7329  175.6263
   73.0674  182.4393
   73.0981  189.0041
   69.5523  176.5380
   70.2660  183.1320
   74.5087  184.3381
   68.0039  176.2930
   74.8931  181.0272
   66.7989  177.2628
   69.3658  184.8603
   68.8296  173.2292
   69.5861  182.9472
   68.2907  174.5326
   78.5681  184.6138
   76.7905  185.7526
   73.8389  186.3480
   68.4341  179.7510
   67.4758  178.1703
   66.2169  176.1517
   73.9930  181.6554
   68.3265  176.5215
   65.3045  168.4876
   71.3399  177.7749
   76.4124  194.8360
   69.2896  184.4819
   64.0506  171.0102
   73.5857  188.2135
   68.8873  174.1884
   73.8032  179.7945
   71.9893  172.2975
   72.8586  177.0552
   78.2436  192.9785
   63.5643  174.1407
   67.1093  175.9683
   72.0112  180.0637
   76.0092  189.9167
   63.4360  173.6564
   68.0783  174.9896
   76.2685  191.2017
   71.7167  178.3486
   69.5036  182.7648
   69.8560  179.4533
   65.1950  171.2081
   65.0955  178.6239
   71.1340  176.2490
   73.6936  186.0414
   75.2534  187.0679
   69.3518  180.3654
   71.9049  181.4635
   71.5410  182.1173
   71.4704  179.0384
   72.0877  182.0763
   70.0699  180.9373
   65.1574  178.6977
   61.6467  170.2581
   70.4351  183.8595
   68.1751  177.5336
   72.2049  185.6198
   66.6921  173.4665
   69.9520  179.6181
   74.8278  184.5334
   62.8574  175.4819
   68.5545  172.8882
   72.1371  179.0456
   73.4457  179.7440
   68.4999  176.8373
   75.0488  180.4671
   62.7932  173.3144
   60.6663  176.5857
   69.0471  173.6314
   64.7744  172.4779
   70.9822  180.9023
   68.9139  177.3001
   60.4003  164.6485
   69.1877  182.1391
   74.8413  184.9823
   70.6025  178.8013
   71.3725  176.2228
   71.1236  182.9526
   67.3876  174.3266
   63.0224  172.8315
   77.5866  192.3643
   74.5777  183.4294
   61.0835  170.4436
   68.4243  181.0699
   74.3512  183.6898
   70.9555  182.0990
   65.7308  177.3497
   76.5684  186.9898
   68.9337  176.5838
   65.8788  177.0035
   69.1017  172.2681
   70.1483  180.0308
   70.7079  175.0764
   71.4464  181.8787
   71.8257  177.1142
   65.8661  183.5870
   62.3064  168.9226
   72.0055  182.1143
   63.5230  173.8979
   68.0175  173.7942
   73.1619  179.4439
   70.0735  176.5597
   66.2270  175.1532
   69.8031  170.3809
   71.3497  182.1504
   74.3952  183.1279
   70.2045  176.8220
   75.7325  183.3992
   71.0476  180.9375
   65.6154  169.8812
   70.0205  177.7221
   66.9824  174.6350
   73.5517  185.4523
   72.3406  182.0234
   74.1459  189.4769
   69.9535  177.7080
   66.0369  177.0704
   68.7873  173.5066
   68.5002  173.2810
   60.0382  159.7254
   70.4017  186.0401
   65.4913  179.5759
   66.4487  177.1173
   78.7592  192.5540
   67.2779  173.8704
   75.3689  185.7178
   75.8897  190.7520
   75.6938  188.2486
   69.3181  177.3122
   71.6485  176.2502
   62.9400  171.8025
   66.3274  174.8765
   65.2766  172.4805
   64.3999  180.4319
   73.1412  179.7375
   69.1401  177.0528
   67.1424  172.6516
   66.1976  175.3143
   66.2657  177.0438
   75.5481  182.8269
   72.5256  178.5733
   68.7945  187.5955
   66.5617  177.2419
   73.1866  186.0029
   74.3513  184.0381
   76.4024  185.7901
   70.6386  175.2035
   73.7939  174.7018
   69.8721  178.6369
   67.6611  176.8898
   73.6151  180.6964
   66.0975  173.3466
   70.3908  190.3769
   66.7340  177.6477
   72.8375  181.1520
   73.5393  179.2468
   63.4656  167.4258
   66.2213  179.6933
   72.2310  178.4193
   67.9305  179.6165
   68.2126  179.3002
   75.6259  188.2689
   71.5845  184.0768
   66.3704  175.5213
   74.5232  188.5050
   71.5148  181.0908
   67.9753  177.8342
   62.7483  172.8541
   69.7546  179.8511
   63.4503  172.6689
   66.1110  181.4858
   67.4545  173.4491
   72.2003  181.9103
   68.9691  175.7337
   71.7457  183.3882
   68.5328  177.5776
   64.7788  177.8844
   71.0561  184.8450
   68.8515  182.9412
   66.3877  171.6402
   65.1725  172.4863
   69.0928  171.8624
   69.6355  181.7553
   65.8845  173.9265
   76.2783  180.5065
   69.8101  181.9982
   69.6403  181.4573
   65.0416  175.1819
   65.3971  172.1583
   65.4587  171.4605
   69.8073  176.5323
   71.7689  178.2602
   62.8129  177.2588
   74.5655  192.7493
   74.2594  180.1379
   72.3194  187.8181
   67.0184  171.8464
   68.1325  180.9167
   69.3540  172.1518
   69.6318  176.6215
   67.1583  180.5966
   70.2412  181.1691
   71.0133  182.1274
   69.3401  176.5610
   76.6302  187.7806
   76.7491  185.1359
   73.7710  180.2733
   69.5192  176.4288
   68.9884  181.6598
   71.3864  185.0960
   62.0063  169.7948
   71.8394  177.9983
   70.0573  183.7330
   64.3097  171.5519
   68.1295  173.4432
   66.4097  176.4663
   74.5695  189.7691
   70.1072  182.3165
   68.9268  176.8295
   65.7834  178.2606
   73.9672  181.9019
   66.8483  180.6501
   70.3035  183.3199
   69.0247  183.8673
   61.7169  167.0944
   74.8743  184.2890
   74.4903  185.1582
   73.6224  184.9401
   75.5767  185.4837
   68.4088  182.8642
   76.1139  186.0406
   72.8970  180.9518
   73.2093  183.5568
   69.6762  177.1446
   74.5874  186.9654
   66.2706  178.1087
   79.7154  197.4356
   67.2859  176.0729
   66.1257  175.5296
   74.4683  181.9618
   69.2988  179.4398
   68.1446  179.9010
   75.4498  182.9744
   64.4792  166.8265
   69.4877  174.8849
   71.4457  182.5085
   62.7884  169.3159
   74.5396  177.1792
   73.6941  178.8987
   71.7058  177.0190
   64.3769  177.8183
   75.1463  184.5596
   66.8984  179.6944
   67.2296  175.9617
   70.0294  179.0608
   66.9843  174.7135
   75.3878  182.9146
   65.2250  176.6205
   66.9691  172.6979
   72.0999  193.3244
   73.8326  185.0314
   61.4909  173.1453
   70.8741  183.2921
   70.4004  179.8529
   78.7714  192.2375
   71.2986  179.5012
   72.1502  181.6536
   73.0974  183.1894
   70.8220  180.0497
   70.4247  176.8806
   66.7604  174.8824
   75.2985  183.6314
   67.2853  177.4084
   69.6347  176.5464
   76.9842  188.6641
   72.6192  185.0229
   70.1250  183.7621
   67.4340  174.7789
   66.6222  180.0711
   74.8132  185.8552
   71.5510  181.0544
   72.5296  181.8860
   75.0138  185.4596
   76.5745  187.3161
   67.4795  185.9206
   76.3429  192.1863
   66.1259  175.4898
   64.3575  171.6852
   72.1290  188.8229
   72.3037  189.0240
   70.5379  178.7277
   68.1811  169.6746
   74.4717  182.8815
   72.5619  178.3544
   72.3018  182.9792
   69.0714  179.7100
   69.6456  181.6973
   64.7321  172.2386
   67.3150  180.8805
   70.2884  187.6647
   73.7101  178.6472
   70.1532  179.0177
   75.6679  189.7409
   74.8701  183.0140
   66.2009  172.3183
   72.5766  187.9040
   65.7212  170.4796
   70.8058  182.2981
   67.2347  175.0373
   64.6507  170.3226
   71.5619  179.8676
   75.6407  185.3819
   73.8641  176.8874
   75.9093  189.0211
   73.4096  188.4334
   70.4440  182.4510
   66.9467  178.2567
   64.8475  175.0870
   69.7547  184.9394
   64.2960  173.4771
   72.8775  185.8901
   74.5765  186.0176
   73.4984  183.6927
   76.7494  190.2770
   69.6846  175.9185
   71.1862  180.6997
   72.7766  182.3461
   71.2440  177.4843
   70.6896  183.6778
   76.6910  187.3408
   63.3264  176.1207
   64.6449  169.4812
   70.4474  180.0965
   75.7732  190.1191
   68.9576  183.0673
   69.1851  181.5159
   66.0058  174.9711
   69.5979  187.6875
   64.4249  169.6223
   76.3731  189.9634
   70.4366  179.4643
   65.5129  167.9752
   71.9780  175.4148
   74.6313  185.5257
   65.0215  174.8064
   71.5917  181.0504
   69.6896  183.2157
   76.3413  182.7829
   66.2938  174.5167
   69.7252  180.6952
   68.1903  185.1723
   63.5377  170.2454
   64.7526  174.5606
   66.3812  176.4361
   72.6953  177.4032
   68.8912  174.4929
   72.0588  185.6240
   65.5602  174.6197
   73.1404  185.3742
   66.9619  179.9306
   69.5144  178.8810
   72.9495  188.7771
   68.1967  180.0224
   67.5604  176.7465
   78.0558  187.5685
   73.7267  186.3257
   65.6587  174.8289
   70.7088  182.6471
   73.3696  184.1384
   63.2606  175.4380
   75.1811  187.7567
   64.9432  172.6567
   72.5631  181.7463
   64.6075  179.3886
   66.9285  177.8522
   77.2305  196.4043
   80.6018  190.0923
   77.4543  182.1310
   71.4056  184.1989
   61.0125  169.5723
   68.8236  178.5302
   73.2359  182.6552
   73.3509  183.7612
   71.1416  180.6548
   76.2997  188.1728
   70.8594  181.2764
   69.5578  188.7557
   73.0954  186.6306
   68.7267  175.0649
   60.1952  167.3303
   67.9602  170.7131
   71.3820  179.1756
   71.7308  178.5453
   70.1055  186.4528
   67.4625  175.4752
   70.3149  179.9140
   61.0049  170.3809
   70.7470  180.7891
   70.4086  185.4905
   75.3491  188.8499
   71.0975  181.6268
   59.6316  168.4284
   71.5670  178.5375
   69.6157  181.2573
   68.5916  178.0435
   69.5399  176.5397
   69.6138  186.5019
   74.0722  187.2492
   70.7008  179.3850
   61.3502  170.8632
   77.2277  189.6009
   56.0394  162.1616
   68.5550  182.6179
   69.7736  178.3460
   70.8110  184.4808
   64.3528  173.9202
   74.9298  186.6639
   64.0252  172.3143
   65.5220  182.5365
   67.8417  179.8078
   67.9638  184.9678
   70.6438  178.6830
   62.5154  166.6458
   68.4783  178.0383
   71.8999  178.8666
   66.4230  176.4634
   76.8635  191.8697
   71.5561  179.0061
   62.6195  179.6165
   68.6872  175.3625
   70.1895  181.1955
   74.6694  186.7358
   68.3984  177.1231
   71.5997  179.2748
   61.1857  168.6619
   69.6559  179.7559
   67.6787  180.8366
   64.9393  174.0396
   72.0015  187.0950
   71.3034  181.5513
   68.7912  172.5350
   68.2542  173.1650
   75.2171  185.0610
   70.7080  181.0143
   64.1571  168.9402
   75.1219  184.6684
   67.6688  178.8143
   67.3214  178.3933
   69.3458  186.7139
   66.7086  180.1647
   69.4615  183.6937
   75.3802  190.4406
   76.3400  186.5859
   77.5218  189.4685
   71.7895  180.7380
   66.7993  172.3554
   67.5656  173.9922
   71.7014  184.2814
   68.5652  173.6379
   71.4794  187.5179
   62.5578  168.4545
   68.3201  173.7293
   69.8933  176.0159
   63.1762  168.5576
   74.6293  193.2017
   68.9842  174.6687
   64.9355  177.8672
   73.0653  182.8885
   63.3805  166.6027
   74.0651  180.2030
   68.6452  177.0538
   64.7012  177.3901
   65.1617  166.4676
   66.4384  175.8120
   78.3329  188.4783
   73.4075  185.7212
   70.4275  184.2658
   71.1480  183.4210
   68.9418  177.1618
   72.8742  183.5570
   70.9094  180.9235
   71.9534  175.7876
   71.8627  176.5251
   73.0880  177.4886
   75.6154  182.3085
   76.8396  184.0707
   68.7657  175.1933
   66.2145  173.3160
   69.6170  177.7340
   73.2244  183.8388
   68.8563  175.6039
   68.9083  173.9344
   60.2278  167.5421
   75.8816  188.8057
   71.1725  186.1062
   75.1322  185.7425
   65.2338  177.4720
   68.2469  172.3758
   68.4720  177.8504
   72.0204  177.9411
   69.5300  182.4375
   72.8976  184.0138
   69.3094  188.6806
   62.0102  166.0508
   67.4625  179.7977
   67.4937  176.1218
   68.6151  179.3359
   63.1293  164.9591
   75.5860  182.7099
   69.1801  181.5155
   75.4845  189.0908
   74.0893  184.9625
   69.3976  179.7404
   71.0593  185.0765
   67.7599  174.3492
   69.5959  180.8867
   67.1318  175.5170
   71.4709  182.7433
   73.8891  188.4438
   70.6206  180.1865
   71.6982  176.7359
   71.9060  181.9942
   68.3431  174.0899
   69.1392  179.4039
   66.6930  168.2411
   71.2945  177.5420
   70.1358  180.3092
   72.5665  181.6769
   66.5434  177.3019
   64.8029  168.2073
   70.1787  182.6407
   67.8959  176.4509
   68.4460  176.0063
   73.4697  190.7642
   66.7241  183.0453
   70.2500  182.3180
   69.8473  172.4830
   69.9247  176.2541
   74.5002  185.1684
   73.9077  184.0113
   70.5506  182.4484
   67.2215  178.1564
   70.0432  176.2108
   70.9718  180.9611
   70.7608  178.5480
   66.6383  178.0396
   67.1181  174.8602
   73.2932  177.6697
   69.9963  188.6767
   71.2479  178.2737
   66.1847  173.9970
   69.2602  183.4742
   66.9156  180.5726
   70.8408  179.4837
   66.7406  177.2875
   67.5377  176.5015
   65.7198  173.8053
   76.1282  190.0134
   68.7961  179.0747
   67.3487  169.7883
   66.8587  177.6187
   66.9733  176.9839
   75.3290  181.2898
   76.4316  195.7842
   74.7471  190.7185
   68.9424  179.6622
   68.5312  177.7980
   65.3195  173.0695
   72.5852  187.0300
   66.1267  174.0007
   70.8588  170.4178
   69.8278  178.0724
   74.9606  188.8922
   74.0149  181.4169
   69.2160  181.8438
   72.6426  185.5695
   71.8065  180.0216
   66.5800  175.7770
   70.6657  178.3503
   61.0713  163.2574
   70.4416  172.3441
   72.8669  185.0638
   70.4226  182.8072
   70.6605  180.8041
   72.4185  179.3261
   76.5916  192.5754
   71.9764  183.2900
   73.3548  181.7512
   68.4232  178.8282
   76.8355  186.1036
   67.5604  178.4500
   66.4840  180.3613
   72.9139  182.8012
   63.8705  175.7949
   64.6119  174.2905
   63.1974  171.3324
   75.0505  190.2764
   68.2306  185.3247
   63.8936  169.8987
   67.0501  180.3352
   69.8176  172.6124
   68.5238  176.7592
   68.6765  173.9658
   71.7586  182.3169
   70.9420  179.3939
   71.4559  183.4990
   68.6619  177.8967
   65.5059  166.3447
   70.1861  178.3613
   67.3995  174.0802
   70.7570  183.5388
   70.9112  177.4352
   62.6601  172.2475
   70.3181  179.5693
   79.4066  184.2217
   67.6220  175.9480
   71.6891  183.9538
   61.3685  173.8121
   70.1429  187.8866
   67.8104  180.4309
   67.8396  187.4528
   61.9850  172.2972
   69.3921  178.7690
   73.4095  182.7691
   72.6676  185.0967
   61.4559  167.0923
   72.7742  186.6844
   68.1776  174.6162
   70.7465  183.0791
   68.5661  177.3159
   68.5758  174.8936
   70.9505  174.5814
   67.6111  180.9890
   70.4146  179.1892
   67.2146  174.5617
   71.2768  184.9284
   69.8311  175.0958
   71.6959  179.9099
   65.6586  172.6087
   73.9426  183.8940
   70.1544  172.0967
   75.2305  193.3471
   65.1986  174.9264
   66.7795  176.9968
   71.1424  173.9215
   67.7818  180.3511
   74.8046  184.9777
   69.2366  178.3708
   68.7461  179.6218
   73.4599  183.3414
   65.3953  178.3115
   63.8066  174.3211
   72.2462  187.7565
   74.5647  182.1804
   70.5606  180.9019
   58.7891  164.5656
   69.1913  178.9634
   66.5357  176.1786
   68.7008  180.2271
   65.0335  167.2461
   79.4671  184.6611
   69.5583  181.6634
   70.7781  180.2018
   64.3246  167.9818
   68.6776  179.8007
   73.6223  184.9393
   77.4565  178.9949
   73.9592  183.2179
   71.2711  174.9677
   70.2248  179.3685
   67.5823  179.4752
   71.1008  183.7242
   70.4779  180.8604
   76.5564  192.1043
   68.6755  180.2922
   67.3931  179.4259
   70.2436  178.4548
   78.9146  188.7003
   78.0278  189.7693
   65.6195  169.9599
   71.0738  181.5899
   67.8513  172.1213
   64.9518  172.1775
   73.2663  185.5288
   70.6824  182.2748
   73.8353  194.9510
   67.8726  173.2182
   66.6088  170.5360
   70.6502  180.0274
   69.9648  177.3690
   71.5300  180.4998
   61.7747  173.4206
   66.4432  171.0630
   67.9266  180.3550
   61.7061  177.9754
   70.4689  186.8381
   75.2846  188.3930
   65.7805  173.4431
   71.7167  185.1924
   71.6207  177.7083
   67.2218  175.4043
   73.4925  190.1974
   67.8100  180.7925
   73.3688  181.8823
   71.3530  180.4599
   69.7623  177.4995
   68.6788  180.1369
   71.3454  174.8046
   79.1500  191.6175
   67.0171  177.5092
   74.4234  184.5497
   69.4126  178.2237
   73.1765  186.2081
   68.0674  180.7412
   73.2073  184.0826
   67.4184  179.4880
   73.8904  182.7830
   65.4933  171.8171
   74.9422  184.9739
   70.1551  181.1346
   73.1354  178.5940
   62.9925  172.1048
   69.6668  184.1578
   63.5084  178.1950
   62.9670  166.2112
   63.7954  171.2417
   72.6837  184.5812
   69.6977  181.8145
   68.6993  179.6660
   66.5541  180.7406
   68.7979  179.4159
   73.6274  184.0014
   69.8367  181.5060
   72.5564  178.5906
   68.8972  180.6350
   69.4167  178.0227
   66.9248  170.9298
   68.3344  177.2489
   72.9328  185.9278
   71.7402  177.3907
   75.9394  188.9070
   72.0360  176.0825
   66.0689  176.6094
   70.5887  182.2791
   67.1275  176.5296
   72.4999  176.9540
   69.7309  175.0597
   65.8498  173.8689
   72.4662  187.0779
   74.0847  189.7159
   68.4043  170.1232
   77.5955  189.0139
   66.7015  174.7364
   76.9395  188.6729
   74.6105  185.6141
   70.4892  177.9238
   73.8286  177.0110
   71.2723  177.9306
   62.8381  167.5475
   71.4798  179.6737
   72.8268  187.3918
   71.1465  186.3332
   70.1484  185.0547
   74.4059  186.7150
   69.4474  180.7467
   70.7948  184.2923
   58.8179  162.8840
   65.7888  175.7367
   73.1766  185.0532
   71.2472  188.3354
   71.1091  177.9006
   69.3450  180.1614
   67.4773  182.9691
   67.3636  180.8273
   72.3157  185.2275
   72.7809  180.4106
   69.9014  185.9843
   72.7679  187.1977
   72.0575  183.6527
   62.5639  175.6552
   74.8484  183.6871
   63.6230  176.0765
   71.7875  191.4709
   71.0255  184.0934
   65.1033  173.3137
   75.2679  184.8251
   69.5698  186.1162
   67.6419  179.3415
   72.6581  181.9311
   68.7896  180.7338
   74.7454  189.4548
   63.7109  171.0805
   73.9472  183.4194
   65.5538  179.2931
   76.1206  184.4253
   67.8772  177.4280
   70.8933  177.4797
   69.8476  180.4113
   69.5859  181.7156
   70.2398  180.2643
   73.0763  183.5472
   73.8417  178.9467
   72.8392  186.7398
   72.6195  187.4066
   71.2267  186.2966
   64.4339  171.4355
   72.4173  175.8315
   67.5204  174.0760
   68.4081  183.5107
   73.3992  182.5832
   68.2905  175.2021
   65.4214  177.9628
   68.9120  188.7215
   67.3272  183.5027
   63.8834  176.3941
   65.2279  174.7057
   69.6622  178.8539
   70.5710  174.5118
   65.1374  170.0458
   68.2249  179.1672
   67.4688  181.0968
   71.7021  184.1052
   66.3536  179.3761
   77.1146  185.7502
   61.7451  169.1893
   71.4011  180.3152
   68.6312  179.8617
   70.1553  184.9048
   78.1012  191.7851
   75.1182  187.3415
   67.9277  179.3004
   68.0779  171.3534
   75.5900  188.9822
   71.5657  191.0939
   67.9233  178.8611
   69.5398  185.0387
   61.3844  168.1918
   71.0433  181.4206
   68.2473  180.5804
   74.9822  185.5825
   68.6690  178.8270
   73.4682  191.8236
   73.8927  188.1454
   67.4467  182.0430
   70.8475  184.0941
   63.9523  176.5237
   65.3544  176.0658
   68.1223  179.8337
   71.2574  181.5569
   74.2686  186.8665
   66.0747  176.6929
   65.1025  171.1919
   72.7780  180.3871
   70.2896  182.1978
   62.1347  173.5145
   62.5010  172.4254
   68.5444  172.5711
   70.2984  182.4039
   69.3259  188.2867
   66.0999  179.8308
   73.0462  188.5419
   71.2215  176.6193
   71.5389  179.0124
   72.2686  187.9797
   73.2270  182.9480
   67.2588  170.0034
   78.1672  194.3541
   72.5816  187.8171
   72.4702  182.9007
   78.8601  192.7877
   75.9682  183.0387
   67.2527  183.8230
   67.8046  177.8062
   67.2954  176.0932
   68.2734  169.4439
   74.7272  184.9216
   67.8725  179.7474
   65.9826  173.7986
   68.2936  184.4120
   65.3049  173.3883
   68.3235  180.1889
   64.1499  172.9330
   62.0392  171.0155
   68.7043  181.0959
   78.2130  184.1544
   75.5711  188.8674
   65.7805  178.1209
   66.9653  178.9251
   71.7439  184.8333
   70.1379  185.8075
   69.9682  171.1331
   72.4972  186.8212
   61.6387  175.2634
   72.4064  183.3522
   74.9275  190.4374
   67.4343  183.9015
   75.4701  182.2346
   68.0120  174.9909
   74.8652  190.5081
   75.1550  183.0613
   73.5392  181.7400
   64.3586  171.2220
   67.8358  180.7874
   70.7548  183.1988
   68.1140  182.8146
   68.2027  177.3880
   72.7570  179.5169
   68.1103  179.8769
   68.0564  177.9249
   69.7645  186.3086
   76.4688  192.5776
   64.3040  173.4597
   71.3292  179.3986
   70.8054  182.7706
   68.1749  179.6947
   66.7852  176.8723
   71.3486  186.5540
   69.7832  177.6501
   72.9100  182.2472
   69.6355  174.1136
   77.3528  187.5299
   67.8216  178.1573
   67.4404  175.2644
   64.2804  176.6277
   64.2945  169.7792
   68.9086  182.1920
   65.9741  174.7812
   72.1793  183.2339
   69.0082  179.0769
   70.1668  179.6490
   63.7604  169.3547
   71.3236  187.9606
   69.2966  182.4028
   71.2836  179.3334
   65.4244  172.9213
   68.0017  174.3578
   72.4375  188.3101
   65.0452  175.7573
   70.2609  178.2661
   72.5400  187.5498
   66.0649  170.8120
   67.9957  167.3245
   68.3081  176.3922
   65.9377  169.0716
   68.5552  178.8694
   75.0509  187.2482
   69.9277  180.4195
   72.7116  179.4662
   64.2769  176.3431
   63.2868  173.4140
   73.7720  182.7535
   65.3794  171.5529
   66.8106  171.2702
   64.6702  172.6830
   64.9751  168.9341
   73.9359  192.9805
   70.2300  183.8328
   73.7059  182.1679
   68.9101  184.2616
   65.1899  174.1757
   67.3023  176.2248
   68.5011  179.1612
   71.1977  180.3984
   67.1596  176.9668
   70.9742  178.2493
   74.6319  184.8845
   61.8370  169.1906